5,0,74,A
7,0,39,A
8,0,78,A
13,0,89,A
15,0,30,A
22,0,36,A
28,0,56,A
33,0,91,A
37,0,15,A
39,0,22,A
40,0,77,A
42,0,32,A
43,0,51,A
44,0,64,A
45,0,57,A
57,0,39,A
60,0,16,A
61,0,97,A
63,0,82,A
64,0,88,A
65,0,53,A
72,0,7,A
75,0,43,A
77,0,50,A
81,0,57,A
88,0,85,A
94,0,61,A
96,0,46,A
97,0,62,A
0,1,73,A
5,1,81,A
8,1,45,A
12,1,50,A
20,1,86,A
21,1,85,A
26,1,32,A
28,1,55,A
30,1,0,A
33,1,34,A
34,1,14,A
40,1,40,A
41,1,39,A
44,1,41,A
45,1,47,A
51,1,52,A
58,1,68,A
60,1,23,A
64,1,80,A
67,1,21,A
72,1,1,A
73,1,74,A
77,1,46,A
82,1,50,A
84,1,49,A
89,1,54,A
92,1,53,A
93,1,67,A
94,1,22,A
97,1,25,A
0,2,16,A
7,2,66,A
10,2,53,A
11,2,13,A
20,2,56,A
23,2,88,A
25,2,37,A
26,2,70,A
29,2,50,A
34,2,58,A
38,2,75,A
42,2,45,A
43,2,85,A
46,2,83,A
49,2,1,A
50,2,81,A
58,2,55,A
59,2,90,A
61,2,60,A
67,2,98,A
73,2,15,A
75,2,13,A
76,2,4,A
78,2,63,A
81,2,46,A
86,2,94,A
90,2,52,A
91,2,62,A
92,2,6,A
98,2,20,A
9,3,12,A
10,3,48,A
13,3,3,A
15,3,18,A
16,3,85,A
23,3,90,A
25,3,15,A
29,3,30,A
32,3,64,A
34,3,51,A
48,3,11,A
51,3,89,A
55,3,67,A
58,3,55,A
59,3,49,A
61,3,82,A
65,3,2,A
69,3,24,A
71,3,28,A
77,3,37,A
86,3,49,A
87,3,31,A
93,3,7,A
94,3,63,A
95,3,54,A
96,3,41,A
98,3,20,A
0,4,19,A
1,4,43,A
4,4,43,A
5,4,77,A
6,4,58,A
10,4,61,A
24,4,73,A
26,4,76,A
27,4,14,A
28,4,68,A
32,4,90,A
40,4,69,A
45,4,5,A
48,4,61,A
50,4,49,A
51,4,87,A
52,4,49,A
55,4,32,A
59,4,60,A
61,4,98,A
68,4,68,A
79,4,50,A
80,4,32,A
85,4,57,A
87,4,73,A
91,4,75,A
95,4,48,A
99,4,94,A
2,5,91,A
3,5,75,A
6,5,84,A
8,5,54,A
10,5,26,A
11,5,62,A
13,5,66,A
16,5,82,A
17,5,50,A
26,5,87,A
27,5,6,A
29,5,3,A
30,5,16,A
35,5,5,A
42,5,19,A
50,5,17,A
52,5,1,A
55,5,9,A
56,5,36,A
57,5,68,A
60,5,20,A
64,5,2,A
73,5,9,A
79,5,74,A
81,5,85,A
83,5,76,A
85,5,93,A
89,5,72,A
0,6,12,A
5,6,88,A
14,6,97,A
15,6,64,A
18,6,65,A
19,6,76,A
24,6,68,A
30,6,78,A
31,6,13,A
33,6,21,A
37,6,91,A
39,6,89,A
44,6,75,A
45,6,64,A
55,6,54,A
58,6,70,A
59,6,51,A
69,6,43,A
78,6,87,A
79,6,65,A
81,6,26,A
82,6,78,A
85,6,77,A
89,6,95,A
90,6,99,A
93,6,78,A
94,6,89,A
95,6,73,A
96,6,97,A
99,6,49,A
0,7,66,A
4,7,97,A
9,7,5,A
14,7,93,A
18,7,89,A
31,7,25,A
35,7,43,A
38,7,28,A
40,7,47,A
41,7,62,A
46,7,54,A
50,7,40,A
51,7,24,A
52,7,2,A
60,7,96,A
65,7,27,A
66,7,75,A
68,7,3,A
69,7,13,A
71,7,21,A
72,7,90,A
74,7,0,A
75,7,31,A
78,7,17,A
79,7,62,A
81,7,36,A
85,7,28,A
90,7,52,A
92,7,36,A
93,7,77,A
94,7,54,A
98,7,96,A
99,7,3,A
3,8,45,A
5,8,33,A
7,8,12,A
8,8,89,A
9,8,64,A
13,8,47,A
14,8,58,A
15,8,24,A
21,8,23,A
22,8,27,A
25,8,90,A
28,8,3,A
36,8,5,A
41,8,61,A
54,8,85,A
58,8,33,A
60,8,43,A
61,8,5,A
62,8,23,A
65,8,73,A
67,8,93,A
69,8,10,A
74,8,0,A
76,8,12,A
79,8,14,A
80,8,76,A
91,8,37,A
92,8,16,A
0,9,29,A
10,9,21,A
17,9,18,A
18,9,99,A
19,9,48,A
25,9,32,A
27,9,14,A
29,9,80,A
33,9,33,A
35,9,64,A
55,9,50,A
62,9,97,A
63,9,13,A
72,9,73,A
77,9,77,A
80,9,72,A
81,9,33,A
82,9,31,A
83,9,41,A
86,9,71,A
87,9,87,A
88,9,85,A
92,9,18,A
93,9,30,A
96,9,21,A
97,9,46,A
98,9,12,A
99,9,28,A
1,10,19,A
3,10,5,A
4,10,84,A
6,10,3,A
10,10,48,A
14,10,91,A
21,10,53,A
22,10,36,A
28,10,59,A
35,10,25,A
43,10,51,A
44,10,86,A
45,10,67,A
50,10,96,A
51,10,96,A
52,10,68,A
53,10,89,A
58,10,82,A
63,10,81,A
64,10,75,A
65,10,7,A
67,10,7,A
77,10,24,A
81,10,77,A
82,10,43,A
84,10,82,A
85,10,62,A
87,10,29,A
93,10,64,A
94,10,13,A
95,10,5,A
96,10,80,A
5,11,4,A
7,11,6,A
8,11,16,A
10,11,31,A
11,11,81,A
16,11,17,A
20,11,44,A
34,11,33,A
43,11,62,A
46,11,13,A
50,11,61,A
51,11,53,A
52,11,15,A
53,11,33,A
54,11,61,A
57,11,52,A
61,11,34,A
71,11,4,A
83,11,63,A
86,11,32,A
90,11,15,A
91,11,46,A
95,11,61,A
96,11,84,A
97,11,44,A
98,11,43,A
99,11,24,A
0,12,98,A
1,12,41,A
2,12,19,A
5,12,78,A
10,12,33,A
11,12,18,A
13,12,79,A
15,12,53,A
17,12,40,A
21,12,48,A
28,12,38,A
29,12,49,A
30,12,52,A
31,12,62,A
32,12,33,A
41,12,67,A
42,12,94,A
54,12,23,A
56,12,94,A
59,12,2,A
61,12,29,A
62,12,70,A
63,12,55,A
66,12,70,A
72,12,60,A
74,12,18,A
78,12,56,A
84,12,91,A
85,12,69,A
86,12,68,A
88,12,1,A
89,12,28,A
90,12,46,A
91,12,25,A
94,12,1,A
96,12,19,A
1,13,53,A
2,13,30,A
3,13,99,A
4,13,88,A
5,13,36,A
6,13,98,A
11,13,43,A
12,13,67,A
13,13,3,A
14,13,17,A
17,13,41,A
22,13,36,A
24,13,35,A
27,13,88,A
31,13,41,A
35,13,46,A
37,13,76,A
47,13,61,A
48,13,74,A
51,13,19,A
54,13,24,A
55,13,72,A
56,13,29,A
57,13,53,A
60,13,11,A
68,13,54,A
69,13,34,A
70,13,86,A
74,13,16,A
78,13,21,A
82,13,41,A
87,13,40,A
89,13,0,A
92,13,22,A
96,13,48,A
98,13,88,A
99,13,51,A
2,14,24,A
3,14,62,A
6,14,46,A
14,14,95,A
19,14,74,A
24,14,75,A
27,14,93,A
31,14,46,A
34,14,55,A
36,14,95,A
42,14,77,A
44,14,50,A
45,14,54,A
49,14,94,A
52,14,3,A
53,14,26,A
62,14,89,A
65,14,21,A
66,14,38,A
69,14,82,A
75,14,40,A
90,14,50,A
91,14,57,A
93,14,99,A
4,15,71,A
12,15,25,A
18,15,66,A
20,15,14,A
23,15,2,A
27,15,60,A
28,15,67,A
37,15,96,A
39,15,70,A
40,15,22,A
41,15,61,A
42,15,17,A
46,15,75,A
51,15,83,A
57,15,67,A
60,15,82,A
66,15,99,A
68,15,74,A
69,15,56,A
71,15,55,A
76,15,39,A
77,15,40,A
79,15,46,A
81,15,64,A
82,15,64,A
84,15,23,A
87,15,49,A
89,15,17,A
91,15,67,A
96,15,79,A
98,15,81,A
3,16,95,A
5,16,40,A
10,16,79,A
18,16,23,A
21,16,21,A
22,16,74,A
29,16,87,A
33,16,54,A
35,16,1,A
36,16,13,A
38,16,56,A
41,16,0,A
47,16,11,A
48,16,43,A
52,16,77,A
56,16,99,A
58,16,0,A
60,16,96,A
64,16,26,A
65,16,63,A
71,16,41,A
72,16,65,A
75,16,89,A
76,16,97,A
82,16,68,A
87,16,63,A
91,16,2,A
92,16,71,A
94,16,86,A
98,16,93,A
2,17,62,A
3,17,42,A
5,17,46,A
7,17,61,A
11,17,87,A
17,17,5,A
18,17,92,A
20,17,88,A
23,17,61,A
30,17,73,A
31,17,69,A
35,17,83,A
41,17,63,A
43,17,24,A
46,17,38,A
50,17,48,A
55,17,22,A
63,17,32,A
64,17,18,A
69,17,68,A
73,17,17,A
74,17,85,A
75,17,89,A
76,17,70,A
78,17,80,A
79,17,75,A
81,17,5,A
82,17,83,A
83,17,59,A
84,17,53,A
85,17,19,A
87,17,81,A
89,17,1,A
91,17,28,A
92,17,28,A
98,17,9,A
0,18,91,A
2,18,42,A
4,18,88,A
5,18,46,A
11,18,24,A
14,18,70,A
16,18,55,A
17,18,9,A
19,18,61,A
23,18,90,A
24,18,26,A
26,18,95,A
29,18,62,A
37,18,91,A
40,18,13,A
41,18,32,A
49,18,23,A
52,18,84,A
55,18,17,A
59,18,47,A
61,18,59,A
62,18,76,A
64,18,29,A
65,18,5,A
69,18,77,A
72,18,47,A
74,18,20,A
82,18,98,A
85,18,98,A
90,18,92,A
94,18,63,A
0,19,75,A
1,19,37,A
6,19,79,A
9,19,22,A
11,19,40,A
15,19,48,A
16,19,75,A
20,19,21,A
26,19,69,A
33,19,63,A
34,19,96,A
35,19,0,A
36,19,78,A
41,19,8,A
42,19,15,A
43,19,51,A
44,19,40,A
45,19,83,A
47,19,61,A
50,19,92,A
52,19,67,A
58,19,73,A
65,19,42,A
67,19,74,A
68,19,47,A
71,19,61,A
73,19,11,A
74,19,18,A
80,19,72,A
81,19,25,A
82,19,51,A
93,19,12,A
98,19,3,A
0,20,56,A
2,20,50,A
3,20,79,A
5,20,21,A
7,20,17,A
9,20,98,A
11,20,22,A
13,20,65,A
18,20,71,A
21,20,14,A
23,20,62,A
27,20,50,A
29,20,63,A
33,20,53,A
34,20,13,A
35,20,28,A
36,20,85,A
40,20,10,A
41,20,73,A
45,20,21,A
50,20,9,A
52,20,69,A
57,20,77,A
58,20,90,A
59,20,87,A
62,20,70,A
66,20,33,A
68,20,22,A
73,20,94,A
84,20,75,A
88,20,45,A
92,20,53,A
96,20,77,A
97,20,97,A
99,20,2,A
1,21,83,A
15,21,6,A
16,21,53,A
19,21,56,A
30,21,89,A
31,21,60,A
32,21,62,A
33,21,31,A
35,21,25,A
38,21,81,A
44,21,18,A
45,21,31,A
48,21,92,A
50,21,8,A
51,21,25,A
52,21,89,A
56,21,50,A
61,21,94,A
63,21,32,A
64,21,20,A
66,21,18,A
70,21,77,A
72,21,92,A
73,21,27,A
76,21,6,A
86,21,26,A
94,21,14,A
98,21,52,A
0,22,79,A
4,22,40,A
7,22,79,A
8,22,66,A
9,22,21,A
10,22,57,A
12,22,33,A
13,22,46,A
15,22,0,A
16,22,74,A
23,22,35,A
26,22,34,A
30,22,11,A
40,22,63,A
45,22,37,A
50,22,52,A
54,22,19,A
55,22,78,A
56,22,87,A
57,22,23,A
58,22,93,A
60,22,45,A
61,22,37,A
64,22,34,A
67,22,43,A
70,22,44,A
73,22,24,A
79,22,18,A
82,22,12,A
84,22,32,A
85,22,96,A
91,22,76,A
92,22,70,A
95,22,78,A
0,23,29,A
1,23,90,A
3,23,10,A
5,23,99,A
6,23,29,A
11,23,76,A
17,23,41,A
26,23,52,A
27,23,81,A
28,23,28,A
33,23,24,A
34,23,54,A
39,23,55,A
41,23,85,A
45,23,52,A
48,23,10,A
52,23,55,A
53,23,35,A
55,23,7,A
56,23,82,A
57,23,66,A
60,23,77,A
64,23,55,A
65,23,87,A
70,23,35,A
71,23,33,A
80,23,80,A
82,23,83,A
83,23,83,A
89,23,67,A
92,23,88,A
95,23,65,A
96,23,3,A
97,23,98,A
2,24,57,A
4,24,72,A
5,24,34,A
6,24,51,A
9,24,48,A
13,24,44,A
17,24,23,A
18,24,2,A
29,24,92,A
32,24,30,A
34,24,73,A
43,24,80,A
46,24,50,A
53,24,79,A
55,24,75,A
58,24,86,A
63,24,2,A
64,24,72,A
65,24,25,A
66,24,0,A
67,24,15,A
72,24,19,A
76,24,80,A
79,24,64,A
82,24,73,A
83,24,31,A
87,24,33,A
88,24,10,A
92,24,1,A
93,24,3,A
95,24,87,A
98,24,70,A
4,25,76,A
9,25,87,A
13,25,62,A
14,25,25,A
15,25,52,A
16,25,29,A
18,25,68,A
25,25,42,A
26,25,71,A
32,25,59,A
36,25,69,A
46,25,27,A
55,25,20,A
63,25,22,A
66,25,35,A
72,25,96,A
73,25,66,A
74,25,62,A
75,25,51,A
76,25,83,A
78,25,79,A
81,25,14,A
82,25,76,A
84,25,8,A
85,25,59,A
89,25,82,A
91,25,74,A
93,25,39,A
96,25,36,A
98,25,44,A
0,26,71,A
5,26,97,A
6,26,12,A
9,26,58,A
10,26,49,A
11,26,43,A
17,26,21,A
18,26,66,A
27,26,18,A
28,26,30,A
29,26,7,A
47,26,20,A
51,26,32,A
52,26,94,A
59,26,58,A
61,26,8,A
62,26,89,A
64,26,9,A
65,26,4,A
71,26,41,A
76,26,77,A
84,26,16,A
85,26,61,A
96,26,48,A
2,27,77,A
4,27,8,A
9,27,45,A
10,27,50,A
15,27,68,A
16,27,67,A
17,27,11,A
18,27,57,A
19,27,67,A
20,27,50,A
22,27,26,A
26,27,48,A
36,27,3,A
43,27,35,A
44,27,38,A
45,27,19,A
46,27,81,A
49,27,0,A
54,27,75,A
58,27,30,A
59,27,97,A
61,27,88,A
63,27,97,A
64,27,44,A
68,27,66,A
71,27,99,A
74,27,16,A
75,27,15,A
76,27,76,A
80,27,28,A
92,27,2,A
95,27,13,A
98,27,47,A
7,28,49,A
10,28,67,A
13,28,16,A
14,28,63,A
15,28,14,A
18,28,38,A
22,28,63,A
24,28,15,A
27,28,13,A
31,28,12,A
32,28,12,A
33,28,85,A
39,28,83,A
48,28,63,A
52,28,86,A
53,28,21,A
62,28,95,A
66,28,35,A
67,28,72,A
73,28,43,A
76,28,53,A
78,28,77,A
81,28,36,A
84,28,78,A
85,28,22,A
90,28,54,A
92,28,94,A
96,28,36,A
98,28,36,A
7,29,25,A
10,29,71,A
14,29,28,A
16,29,80,A
22,29,53,A
27,29,58,A
32,29,46,A
35,29,49,A
37,29,31,A
45,29,49,A
48,29,81,A
49,29,9,A
52,29,34,A
54,29,7,A
55,29,90,A
56,29,43,A
66,29,56,A
70,29,94,A
71,29,4,A
73,29,78,A
74,29,77,A
77,29,38,A
78,29,64,A
80,29,13,A
81,29,75,A
88,29,2,A
89,29,44,A
91,29,67,A
92,29,5,A
95,29,1,A
0,30,95,A
2,30,61,A
5,30,15,A
6,30,5,A
7,30,97,A
10,30,18,A
11,30,17,A
12,30,40,A
13,30,96,A
15,30,25,A
17,30,29,A
18,30,1,A
23,30,33,A
25,30,43,A
29,30,9,A
32,30,96,A
33,30,92,A
42,30,70,A
47,30,82,A
48,30,92,A
54,30,48,A
56,30,36,A
63,30,96,A
67,30,16,A
68,30,62,A
72,30,38,A
74,30,56,A
78,30,22,A
79,30,80,A
80,30,58,A
83,30,28,A
86,30,34,A
88,30,14,A
89,30,35,A
92,30,97,A
97,30,76,A
2,31,24,A
8,31,29,A
11,31,14,A
12,31,97,A
14,31,43,A
19,31,7,A
24,31,50,A
25,31,72,A
26,31,90,A
28,31,41,A
39,31,60,A
41,31,64,A
50,31,27,A
53,31,7,A
54,31,93,A
58,31,7,A
59,31,18,A
62,31,7,A
63,31,86,A
65,31,21,A
70,31,93,A
74,31,98,A
75,31,54,A
76,31,42,A
78,31,31,A
81,31,23,A
83,31,48,A
88,31,46,A
90,31,0,A
98,31,57,A
99,31,78,A
2,32,90,A
3,32,84,A
16,32,23,A
18,32,44,A
20,32,67,A
26,32,23,A
27,32,6,A
32,32,53,A
38,32,17,A
42,32,12,A
51,32,22,A
54,32,0,A
57,32,93,A
60,32,57,A
61,32,48,A
66,32,11,A
68,32,36,A
69,32,92,A
74,32,45,A
82,32,82,A
84,32,31,A
85,32,15,A
86,32,20,A
91,32,72,A
92,32,33,A
1,33,88,A
3,33,26,A
6,33,67,A
7,33,35,A
12,33,28,A
15,33,76,A
19,33,77,A
20,33,52,A
22,33,96,A
28,33,78,A
30,33,81,A
31,33,40,A
35,33,76,A
40,33,27,A
42,33,4,A
47,33,53,A
48,33,28,A
52,33,4,A
64,33,48,A
65,33,8,A
66,33,62,A
72,33,86,A
73,33,22,A
78,33,10,A
80,33,52,A
83,33,94,A
86,33,18,A
87,33,60,A
90,33,92,A
4,34,27,A
5,34,99,A
7,34,7,A
19,34,71,A
21,34,90,A
24,34,86,A
28,34,86,A
31,34,65,A
32,34,58,A
33,34,75,A
34,34,55,A
38,34,13,A
39,34,54,A
49,34,2,A
55,34,10,A
60,34,50,A
63,34,88,A
65,34,7,A
66,34,5,A
68,34,65,A
71,34,97,A
75,34,51,A
80,34,51,A
83,34,88,A
84,34,21,A
86,34,67,A
89,34,14,A
93,34,70,A
2,35,27,A
3,35,40,A
4,35,9,A
5,35,66,A
6,35,18,A
7,35,82,A
10,35,90,A
11,35,42,A
12,35,75,A
13,35,23,A
20,35,57,A
22,35,62,A
31,35,37,A
33,35,94,A
34,35,22,A
39,35,8,A
42,35,39,A
46,35,67,A
47,35,9,A
49,35,56,A
51,35,37,A
52,35,80,A
54,35,77,A
62,35,75,A
63,35,33,A
66,35,51,A
67,35,28,A
73,35,58,A
75,35,25,A
76,35,44,A
80,35,44,A
83,35,89,A
84,35,86,A
86,35,58,A
89,35,10,A
92,35,64,A
10,36,31,A
17,36,93,A
21,36,23,A
22,36,6,A
27,36,91,A
28,36,33,A
33,36,6,A
34,36,68,A
36,36,50,A
37,36,67,A
38,36,5,A
40,36,45,A
46,36,78,A
48,36,57,A
49,36,17,A
51,36,89,A
52,36,6,A
55,36,68,A
57,36,27,A
60,36,83,A
62,36,68,A
65,36,56,A
66,36,15,A
71,36,77,A
76,36,57,A
79,36,90,A
81,36,41,A
87,36,1,A
91,36,47,A
92,36,23,A
93,36,27,A
94,36,48,A
95,36,17,A
96,36,1,A
3,37,49,A
5,37,24,A
6,37,60,A
7,37,39,A
8,37,48,A
11,37,38,A
14,37,10,A
15,37,39,A
16,37,87,A
24,37,57,A
31,37,57,A
39,37,58,A
42,37,4,A
43,37,62,A
51,37,64,A
53,37,77,A
54,37,28,A
56,37,72,A
59,37,81,A
61,37,35,A
62,37,2,A
67,37,91,A
78,37,52,A
80,37,48,A
82,37,72,A
88,37,20,A
94,37,32,A
95,37,39,A
96,37,3,A
97,37,87,A
0,38,37,A
3,38,25,A
11,38,26,A
12,38,84,A
13,38,99,A
18,38,92,A
20,38,90,A
21,38,56,A
26,38,41,A
28,38,43,A
29,38,42,A
41,38,33,A
49,38,81,A
52,38,10,A
59,38,48,A
60,38,15,A
61,38,94,A
65,38,14,A
67,38,80,A
68,38,43,A
69,38,64,A
73,38,93,A
82,38,37,A
84,38,99,A
87,38,72,A
89,38,60,A
96,38,3,A
0,39,32,A
4,39,68,A
9,39,95,A
13,39,67,A
17,39,93,A
19,39,63,A
20,39,37,A
22,39,57,A
27,39,66,A
28,39,26,A
31,39,82,A
36,39,36,A
38,39,45,A
40,39,83,A
43,39,21,A
44,39,3,A
46,39,50,A
47,39,17,A
48,39,43,A
51,39,3,A
52,39,45,A
58,39,82,A
71,39,61,A
85,39,33,A
88,39,58,A
89,39,38,A
90,39,73,A
91,39,73,A
92,39,61,A
97,39,5,A
98,39,34,A
1,40,17,A
2,40,58,A
3,40,79,A
7,40,52,A
9,40,1,A
10,40,49,A
11,40,93,A
12,40,67,A
18,40,79,A
19,40,98,A
21,40,0,A
23,40,4,A
24,40,85,A
26,40,94,A
27,40,76,A
30,40,4,A
31,40,49,A
35,40,98,A
37,40,69,A
42,40,63,A
45,40,16,A
46,40,58,A
47,40,51,A
49,40,20,A
54,40,70,A
56,40,7,A
57,40,80,A
63,40,76,A
65,40,48,A
71,40,6,A
72,40,82,A
75,40,22,A
76,40,29,A
86,40,45,A
93,40,61,A
95,40,68,A
96,40,28,A
4,41,70,A
8,41,46,A
10,41,71,A
18,41,74,A
19,41,52,A
22,41,67,A
29,41,6,A
32,41,32,A
38,41,76,A
40,41,9,A
44,41,21,A
62,41,46,A
64,41,90,A
67,41,51,A
69,41,55,A
71,41,97,A
73,41,67,A
79,41,44,A
81,41,10,A
83,41,34,A
84,41,54,A
85,41,96,A
87,41,1,A
89,41,15,A
90,41,32,A
92,41,0,A
0,42,74,A
3,42,73,A
4,42,18,A
8,42,14,A
12,42,44,A
13,42,80,A
14,42,75,A
16,42,23,A
22,42,68,A
24,42,92,A
26,42,78,A
27,42,27,A
30,42,28,A
34,42,84,A
36,42,5,A
45,42,83,A
48,42,68,A
52,42,45,A
54,42,30,A
55,42,82,A
57,42,43,A
59,42,35,A
60,42,10,A
64,42,31,A
69,42,58,A
72,42,16,A
74,42,44,A
75,42,75,A
79,42,52,A
83,42,35,A
84,42,72,A
87,42,13,A
90,42,21,A
91,42,25,A
94,42,98,A
4,43,13,A
9,43,66,A
11,43,57,A
21,43,24,A
22,43,91,A
23,43,58,A
28,43,7,A
29,43,17,A
30,43,69,A
32,43,26,A
33,43,52,A
35,43,40,A
37,43,38,A
38,43,2,A
39,43,58,A
44,43,90,A
53,43,37,A
54,43,5,A
56,43,24,A
62,43,18,A
64,43,73,A
65,43,13,A
66,43,63,A
67,43,6,A
70,43,43,A
71,43,16,A
73,43,54,A
76,43,64,A
77,43,4,A
81,43,30,A
82,43,87,A
83,43,19,A
89,43,42,A
92,43,34,A
93,43,29,A
95,43,61,A
96,43,97,A
1,44,72,A
6,44,75,A
10,44,78,A
11,44,97,A
15,44,55,A
16,44,60,A
17,44,62,A
22,44,56,A
25,44,60,A
27,44,37,A
36,44,78,A
38,44,99,A
43,44,86,A
52,44,99,A
54,44,84,A
57,44,79,A
66,44,31,A
70,44,7,A
72,44,0,A
76,44,9,A
85,44,78,A
89,44,47,A
91,44,31,A
0,45,75,A
3,45,67,A
5,45,62,A
8,45,59,A
12,45,51,A
17,45,21,A
18,45,32,A
19,45,74,A
23,45,94,A
24,45,36,A
28,45,99,A
31,45,68,A
38,45,73,A
42,45,46,A
45,45,26,A
48,45,73,A
51,45,16,A
52,45,0,A
53,45,59,A
54,45,15,A
55,45,35,A
57,45,10,A
58,45,0,A
59,45,76,A
61,45,11,A
64,45,4,A
65,45,2,A
66,45,65,A
77,45,4,A
81,45,64,A
84,45,41,A
91,45,19,A
93,45,36,A
94,45,82,A
3,46,48,A
4,46,96,A
5,46,16,A
8,46,5,A
9,46,11,A
10,46,93,A
13,46,46,A
18,46,62,A
21,46,50,A
22,46,50,A
23,46,0,A
24,46,45,A
29,46,86,A
38,46,24,A
40,46,16,A
43,46,49,A
47,46,86,A
49,46,85,A
52,46,35,A
54,46,65,A
70,46,36,A
80,46,41,A
81,46,47,A
82,46,0,A
85,46,54,A
86,46,68,A
88,46,40,A
95,46,75,A
0,47,88,A
1,47,66,A
2,47,34,A
5,47,80,A
7,47,92,A
17,47,67,A
21,47,25,A
23,47,78,A
24,47,67,A
25,47,55,A
30,47,6,A
35,47,6,A
40,47,78,A
41,47,92,A
43,47,8,A
44,47,27,A
45,47,32,A
50,47,51,A
53,47,65,A
54,47,61,A
59,47,3,A
66,47,61,A
86,47,58,A
89,47,95,A
92,47,84,A
93,47,65,A
96,47,73,A
99,47,89,A
0,48,1,A
1,48,65,A
4,48,51,A
6,48,83,A
7,48,89,A
10,48,40,A
11,48,49,A
13,48,54,A
15,48,26,A
17,48,45,A
18,48,10,A
19,48,14,A
21,48,38,A
23,48,44,A
30,48,51,A
38,48,70,A
40,48,53,A
42,48,0,A
45,48,88,A
47,48,40,A
49,48,78,A
51,48,37,A
53,48,42,A
56,48,9,A
61,48,79,A
62,48,80,A
68,48,23,A
80,48,13,A
84,48,87,A
85,48,86,A
86,48,82,A
95,48,1,A
98,48,16,A
2,49,55,A
10,49,70,A
12,49,0,A
13,49,38,A
14,49,22,A
15,49,74,A
36,49,2,A
39,49,51,A
43,49,35,A
44,49,68,A
53,49,24,A
56,49,45,A
57,49,42,A
61,49,75,A
64,49,81,A
65,49,85,A
66,49,46,A
67,49,88,A
69,49,90,A
70,49,20,A
71,49,34,A
74,49,96,A
80,49,68,A
82,49,2,A
84,49,62,A
85,49,65,A
89,49,66,A
92,49,75,A
95,49,7,A
4,50,76,A
10,50,48,A
15,50,94,A
16,50,37,A
17,50,53,A
19,50,94,A
21,50,89,A
24,50,99,A
26,50,86,A
30,50,41,A
31,50,37,A
38,50,28,A
40,50,98,A
46,50,62,A
49,50,27,A
54,50,47,A
57,50,40,A
63,50,88,A
65,50,60,A
68,50,37,A
70,50,44,A
73,50,98,A
77,50,76,A
78,50,79,A
79,50,12,A
81,50,30,A
87,50,73,A
92,50,66,A
94,50,9,A
1,51,85,A
2,51,49,A
3,51,10,A
11,51,68,A
14,51,79,A
16,51,90,A
17,51,70,A
20,51,22,A
22,51,14,A
26,51,34,A
33,51,87,A
37,51,59,A
41,51,61,A
42,51,85,A
47,51,56,A
48,51,24,A
50,51,7,A
55,51,52,A
57,51,0,A
58,51,9,A
59,51,80,A
67,51,45,A
68,51,49,A
73,51,19,A
76,51,43,A
78,51,78,A
89,51,85,A
90,51,89,A
94,51,69,A
99,51,5,A
0,52,46,A
1,52,9,A
4,52,83,A
6,52,45,A
9,52,89,A
11,52,46,A
22,52,87,A
24,52,93,A
26,52,18,A
31,52,23,A
32,52,49,A
34,52,76,A
35,52,16,A
43,52,24,A
45,52,68,A
48,52,33,A
50,52,92,A
52,52,91,A
54,52,97,A
60,52,92,A
61,52,7,A
63,52,39,A
66,52,64,A
67,52,87,A
68,52,58,A
74,52,52,A
75,52,92,A
76,52,30,A
93,52,79,A
95,52,71,A
3,53,69,A
6,53,93,A
7,53,71,A
12,53,60,A
14,53,24,A
20,53,21,A
22,53,66,A
25,53,91,A
26,53,26,A
31,53,63,A
36,53,41,A
37,53,45,A
43,53,6,A
44,53,59,A
45,53,31,A
46,53,71,A
47,53,2,A
48,53,88,A
49,53,68,A
53,53,3,A
56,53,28,A
58,53,99,A
59,53,32,A
66,53,78,A
67,53,29,A
72,53,28,A
80,53,95,A
83,53,24,A
87,53,39,A
91,53,60,A
94,53,48,A
96,53,55,A
6,54,25,A
9,54,32,A
10,54,89,A
14,54,4,A
15,54,46,A
16,54,80,A
19,54,86,A
22,54,84,A
24,54,80,A
27,54,2,A
28,54,53,A
30,54,82,A
33,54,50,A
36,54,73,A
37,54,85,A
40,54,53,A
41,54,72,A
44,54,62,A
46,54,40,A
51,54,48,A
54,54,6,A
55,54,83,A
56,54,72,A
61,54,86,A
62,54,70,A
65,54,87,A
66,54,83,A
67,54,79,A
78,54,90,A
94,54,60,A
1,55,90,A
4,55,40,A
5,55,14,A
6,55,8,A
9,55,94,A
14,55,53,A
21,55,15,A
29,55,55,A
32,55,98,A
37,55,92,A
44,55,52,A
48,55,93,A
52,55,5,A
54,55,78,A
55,55,18,A
56,55,32,A
59,55,77,A
62,55,66,A
63,55,11,A
67,55,2,A
72,55,19,A
75,55,57,A
79,55,54,A
81,55,57,A
82,55,72,A
84,55,43,A
89,55,61,A
90,55,0,A
91,55,64,A
92,55,84,A
94,55,33,A
96,55,51,A
3,56,25,A
6,56,91,A
13,56,40,A
15,56,26,A
22,56,62,A
26,56,51,A
27,56,10,A
31,56,89,A
36,56,31,A
41,56,0,A
43,56,63,A
46,56,95,A
54,56,96,A
58,56,97,A
61,56,0,A
71,56,71,A
73,56,79,A
74,56,82,A
75,56,33,A
84,56,16,A
87,56,4,A
89,56,77,A
93,56,8,A
94,56,69,A
96,56,6,A
1,57,58,A
4,57,80,A
5,57,49,A
6,57,47,A
7,57,93,A
8,57,17,A
12,57,99,A
15,57,28,A
18,57,59,A
24,57,67,A
25,57,47,A
28,57,77,A
30,57,72,A
36,57,53,A
37,57,83,A
38,57,89,A
40,57,18,A
43,57,50,A
44,57,72,A
57,57,85,A
59,57,43,A
66,57,53,A
76,57,11,A
78,57,76,A
81,57,56,A
89,57,85,A
90,57,26,A
96,57,84,A
97,57,5,A
98,57,38,A
3,58,31,A
7,58,58,A
12,58,54,A
13,58,20,A
14,58,55,A
21,58,52,A
24,58,71,A
27,58,60,A
31,58,66,A
39,58,67,A
51,58,19,A
60,58,60,A
73,58,81,A
74,58,99,A
77,58,86,A
84,58,82,A
92,58,16,A
97,58,26,A
98,58,21,A
0,59,27,A
2,59,56,A
6,59,44,A
9,59,53,A
11,59,28,A
21,59,63,A
26,59,8,A
30,59,23,A
31,59,31,A
34,59,94,A
36,59,11,A
39,59,82,A
43,59,48,A
46,59,91,A
49,59,6,A
53,59,99,A
60,59,22,A
64,59,77,A
70,59,81,A
71,59,41,A
74,59,50,A
77,59,21,A
82,59,24,A
86,59,72,A
88,59,9,A
94,59,74,A
95,59,95,A
96,59,7,A
97,59,22,A
99,59,57,A
1,60,40,A
3,60,76,A
4,60,0,A
5,60,17,A
6,60,47,A
8,60,72,A
12,60,76,A
15,60,73,A
16,60,42,A
20,60,56,A
21,60,80,A
22,60,98,A
23,60,76,A
25,60,57,A
26,60,94,A
27,60,5,A
29,60,2,A
30,60,21,A
31,60,9,A
35,60,4,A
39,60,24,A
43,60,68,A
44,60,84,A
51,60,63,A
55,60,22,A
57,60,12,A
60,60,27,A
71,60,73,A
75,60,51,A
77,60,22,A
78,60,23,A
79,60,49,A
80,60,59,A
87,60,29,A
91,60,9,A
93,60,23,A
98,60,72,A
0,61,58,A
2,61,55,A
3,61,80,A
5,61,38,A
6,61,95,A
7,61,35,A
8,61,15,A
11,61,32,A
18,61,59,A
23,61,12,A
24,61,73,A
27,61,77,A
31,61,25,A
33,61,15,A
39,61,27,A
43,61,74,A
48,61,94,A
49,61,54,A
56,61,36,A
61,61,92,A
68,61,61,A
72,61,82,A
82,61,3,A
83,61,65,A
84,61,94,A
85,61,93,A
87,61,36,A
88,61,87,A
91,61,58,A
97,61,1,A
98,61,10,A
1,62,89,A
2,62,68,A
3,62,53,A
11,62,17,A
12,62,16,A
13,62,22,A
14,62,1,A
23,62,4,A
24,62,12,A
25,62,3,A
27,62,9,A
32,62,23,A
33,62,5,A
34,62,12,A
36,62,29,A
39,62,10,A
40,62,78,A
41,62,4,A
43,62,64,A
48,62,41,A
50,62,34,A
53,62,63,A
54,62,70,A
59,62,81,A
65,62,52,A
70,62,40,A
72,62,81,A
73,62,4,A
78,62,49,A
87,62,27,A
89,62,89,A
90,62,26,A
91,62,20,A
93,62,51,A
94,62,82,A
95,62,4,A
1,63,80,A
4,63,38,A
7,63,16,A
8,63,78,A
14,63,21,A
18,63,67,A
19,63,93,A
20,63,67,A
28,63,12,A
35,63,64,A
41,63,60,A
46,63,94,A
48,63,84,A
56,63,1,A
57,63,97,A
61,63,90,A
70,63,4,A
72,63,13,A
74,63,55,A
75,63,10,A
78,63,16,A
82,63,9,A
86,63,94,A
89,63,1,A
91,63,9,A
92,63,25,A
98,63,11,A
0,64,74,A
2,64,75,A
3,64,50,A
5,64,95,A
6,64,20,A
8,64,7,A
20,64,50,A
21,64,96,A
26,64,83,A
27,64,61,A
28,64,97,A
32,64,22,A
33,64,74,A
34,64,21,A
36,64,64,A
38,64,68,A
43,64,37,A
44,64,88,A
50,64,10,A
58,64,63,A
61,64,25,A
66,64,41,A
67,64,47,A
69,64,95,A
71,64,52,A
85,64,53,A
86,64,74,A
88,64,58,A
91,64,95,A
92,64,7,A
93,64,76,A
95,64,41,A
96,64,48,A
99,64,20,A
0,65,0,A
1,65,98,A
8,65,94,A
9,65,27,A
10,65,88,A
15,65,82,A
16,65,37,A
17,65,62,A
23,65,83,A
34,65,38,A
35,65,93,A
37,65,37,A
50,65,72,A
51,65,49,A
54,65,70,A
63,65,9,A
67,65,45,A
72,65,13,A
76,65,67,A
78,65,84,A
80,65,69,A
81,65,45,A
83,65,66,A
89,65,83,A
97,65,99,A
7,66,63,A
9,66,8,A
22,66,19,A
23,66,6,A
26,66,73,A
27,66,61,A
31,66,17,A
35,66,79,A
36,66,20,A
41,66,29,A
45,66,12,A
50,66,68,A
55,66,69,A
56,66,81,A
60,66,93,A
64,66,58,A
69,66,22,A
71,66,50,A
73,66,51,A
76,66,26,A
85,66,55,A
88,66,38,A
92,66,86,A
98,66,3,A
99,66,84,A
0,67,88,A
1,67,75,A
4,67,68,A
5,67,53,A
8,67,32,A
12,67,64,A
14,67,74,A
16,67,90,A
21,67,7,A
26,67,7,A
28,67,99,A
29,67,52,A
31,67,75,A
32,67,81,A
37,67,63,A
50,67,87,A
52,67,80,A
53,67,76,A
58,67,7,A
63,67,54,A
64,67,7,A
66,67,82,A
69,67,25,A
71,67,95,A
76,67,89,A
78,67,91,A
85,67,83,A
90,67,45,A
93,67,54,A
94,67,87,A
99,67,96,A
9,68,64,A
14,68,56,A
22,68,9,A
25,68,54,A
26,68,44,A
29,68,34,A
30,68,37,A
32,68,49,A
34,68,85,A
35,68,70,A
36,68,1,A
41,68,63,A
42,68,65,A
43,68,47,A
49,68,69,A
53,68,6,A
62,68,4,A
64,68,45,A
65,68,30,A
67,68,5,A
83,68,79,A
85,68,4,A
87,68,91,A
88,68,97,A
95,68,65,A
97,68,19,A
98,68,0,A
2,69,41,A
3,69,95,A
10,69,26,A
11,69,94,A
14,69,68,A
19,69,93,A
20,69,11,A
23,69,87,A
27,69,18,A
29,69,19,A
32,69,82,A
35,69,9,A
36,69,8,A
38,69,7,A
39,69,94,A
41,69,29,A
42,69,65,A
47,69,62,A
49,69,2,A
52,69,94,A
53,69,39,A
62,69,38,A
63,69,41,A
64,69,90,A
65,69,75,A
70,69,24,A
73,69,98,A
77,69,87,A
78,69,87,A
79,69,70,A
81,69,60,A
89,69,48,A
94,69,71,A
95,69,11,A
96,69,11,A
1,70,98,A
3,70,31,A
5,70,48,A
11,70,90,A
12,70,7,A
13,70,19,A
15,70,5,A
16,70,65,A
23,70,40,A
27,70,49,A
28,70,15,A
30,70,57,A
34,70,34,A
35,70,41,A
45,70,4,A
47,70,91,A
53,70,93,A
55,70,8,A
60,70,14,A
63,70,29,A
64,70,82,A
69,70,65,A
71,70,98,A
75,70,49,A
76,70,88,A
77,70,8,A
83,70,8,A
85,70,36,A
92,70,79,A
94,70,99,A
95,70,71,A
2,71,50,A
3,71,44,A
4,71,66,A
5,71,6,A
8,71,86,A
13,71,28,A
15,71,96,A
19,71,74,A
21,71,80,A
28,71,27,A
31,71,89,A
32,71,8,A
38,71,39,A
39,71,94,A
41,71,41,A
42,71,68,A
44,71,48,A
48,71,51,A
50,71,13,A
53,71,8,A
58,71,76,A
61,71,33,A
63,71,20,A
65,71,60,A
67,71,33,A
85,71,94,A
88,71,52,A
89,71,45,A
92,71,43,A
95,71,36,A
96,71,35,A
98,71,16,A
1,72,17,A
4,72,64,A
7,72,0,A
12,72,64,A
15,72,72,A
17,72,58,A
22,72,32,A
23,72,60,A
24,72,99,A
35,72,92,A
38,72,22,A
43,72,76,A
44,72,61,A
45,72,47,A
48,72,82,A
50,72,5,A
51,72,44,A
58,72,77,A
59,72,87,A
60,72,78,A
61,72,41,A
62,72,36,A
65,72,9,A
72,72,12,A
76,72,21,A
79,72,40,A
84,72,59,A
87,72,16,A
88,72,97,A
89,72,58,A
90,72,86,A
93,72,28,A
98,72,31,A
99,72,62,A
4,73,48,A
8,73,3,A
9,73,19,A
11,73,6,A
13,73,0,A
16,73,10,A
17,73,24,A
19,73,96,A
24,73,40,A
25,73,60,A
34,73,29,A
38,73,39,A
40,73,63,A
43,73,55,A
44,73,54,A
47,73,5,A
52,73,95,A
54,73,96,A
56,73,75,A
58,73,32,A
59,73,11,A
60,73,90,A
62,73,51,A
66,73,12,A
69,73,52,A
70,73,37,A
71,73,69,A
72,73,15,A
73,73,18,A
77,73,21,A
83,73,97,A
88,73,46,A
93,73,3,A
94,73,16,A
98,73,9,A
5,74,97,A
6,74,54,A
9,74,0,A
10,74,50,A
12,74,9,A
13,74,66,A
19,74,20,A
25,74,1,A
28,74,84,A
29,74,98,A
30,74,5,A
35,74,64,A
36,74,11,A
40,74,34,A
46,74,4,A
50,74,37,A
54,74,56,A
57,74,61,A
63,74,76,A
65,74,95,A
67,74,30,A
68,74,14,A
73,74,82,A
75,74,70,A
85,74,97,A
88,74,39,A
90,74,8,A
91,74,41,A
94,74,29,A
96,74,36,A
1,75,29,A
3,75,56,A
4,75,77,A
11,75,22,A
12,75,55,A
14,75,14,A
23,75,52,A
24,75,89,A
26,75,37,A
37,75,87,A
39,75,74,A
40,75,52,A
43,75,35,A
46,75,68,A
48,75,67,A
49,75,88,A
50,75,93,A
54,75,41,A
55,75,38,A
60,75,79,A
62,75,56,A
64,75,61,A
69,75,58,A
71,75,16,A
81,75,85,A
83,75,50,A
85,75,38,A
91,75,79,A
92,75,96,A
93,75,42,A
95,75,18,A
96,75,21,A
1,76,49,A
3,76,98,A
12,76,99,A
13,76,42,A
20,76,70,A
21,76,78,A
33,76,17,A
35,76,25,A
36,76,89,A
39,76,93,A
42,76,0,A
43,76,78,A
54,76,12,A
57,76,83,A
58,76,14,A
62,76,10,A
69,76,62,A
74,76,88,A
76,76,88,A
88,76,50,A
89,76,18,A
90,76,89,A
93,76,81,A
97,76,77,A
98,76,87,A
99,76,99,A
1,77,80,A
11,77,96,A
15,77,9,A
19,77,74,A
25,77,78,A
26,77,70,A
35,77,95,A
37,77,91,A
40,77,33,A
41,77,15,A
42,77,75,A
46,77,82,A
49,77,10,A
50,77,70,A
51,77,15,A
52,77,50,A
54,77,47,A
60,77,56,A
63,77,11,A
69,77,44,A
70,77,98,A
73,77,70,A
74,77,39,A
76,77,73,A
83,77,47,A
85,77,9,A
87,77,53,A
88,77,4,A
95,77,87,A
97,77,62,A
98,77,35,A
5,78,73,A
8,78,19,A
10,78,13,A
14,78,49,A
15,78,30,A
16,78,59,A
24,78,69,A
25,78,83,A
26,78,94,A
27,78,80,A
37,78,96,A
38,78,38,A
40,78,76,A
42,78,88,A
50,78,38,A
58,78,22,A
59,78,53,A
60,78,1,A
61,78,88,A
63,78,20,A
66,78,77,A
68,78,25,A
71,78,4,A
74,78,81,A
81,78,35,A
87,78,86,A
91,78,46,A
92,78,20,A
96,78,46,A
97,78,5,A
99,78,42,A
1,79,74,A
2,79,58,A
9,79,95,A
15,79,42,A
26,79,65,A
32,79,50,A
33,79,96,A
35,79,31,A
47,79,37,A
48,79,53,A
50,79,99,A
54,79,16,A
62,79,77,A
68,79,93,A
70,79,94,A
73,79,14,A
80,79,61,A
87,79,10,A
91,79,81,A
94,79,44,A
95,79,73,A
96,79,89,A
98,79,0,A
99,79,60,A
7,80,29,A
9,80,81,A
11,80,2,A
12,80,21,A
17,80,84,A
20,80,46,A
31,80,9,A
33,80,49,A
34,80,39,A
36,80,68,A
37,80,11,A
42,80,50,A
45,80,41,A
55,80,44,A
56,80,98,A
58,80,58,A
59,80,31,A
63,80,2,A
64,80,16,A
77,80,6,A
82,80,52,A
94,80,0,A
98,80,18,A
0,81,70,A
3,81,21,A
6,81,33,A
7,81,5,A
9,81,7,A
13,81,86,A
14,81,93,A
22,81,1,A
25,81,5,A
26,81,93,A
29,81,96,A
30,81,82,A
34,81,33,A
35,81,51,A
45,81,1,A
51,81,77,A
52,81,26,A
55,81,76,A
58,81,54,A
59,81,14,A
60,81,3,A
64,81,63,A
68,81,79,A
77,81,31,A
79,81,76,A
82,81,72,A
84,81,26,A
86,81,82,A
89,81,72,A
91,81,18,A
93,81,16,A
94,81,38,A
96,81,48,A
2,82,3,A
4,82,49,A
11,82,96,A
15,82,26,A
18,82,52,A
19,82,36,A
20,82,30,A
21,82,21,A
33,82,54,A
35,82,45,A
38,82,94,A
43,82,70,A
45,82,71,A
46,82,82,A
51,82,30,A
56,82,40,A
59,82,2,A
61,82,2,A
63,82,71,A
65,82,59,A
78,82,97,A
79,82,18,A
80,82,86,A
83,82,92,A
85,82,69,A
91,82,65,A
94,82,37,A
7,83,3,A
10,83,87,A
15,83,99,A
22,83,41,A
23,83,24,A
24,83,92,A
28,83,98,A
33,83,33,A
34,83,13,A
36,83,27,A
39,83,21,A
51,83,55,A
55,83,46,A
64,83,34,A
65,83,87,A
66,83,81,A
67,83,80,A
68,83,85,A
78,83,75,A
79,83,67,A
80,83,11,A
83,83,32,A
85,83,95,A
93,83,91,A
95,83,41,A
96,83,75,A
97,83,9,A
99,83,19,A
2,84,51,A
3,84,31,A
5,84,49,A
14,84,61,A
18,84,94,A
19,84,25,A
20,84,97,A
21,84,29,A
22,84,4,A
26,84,35,A
27,84,30,A
28,84,55,A
29,84,96,A
31,84,85,A
49,84,74,A
50,84,47,A
53,84,69,A
68,84,18,A
75,84,37,A
87,84,47,A
93,84,46,A
97,84,86,A
2,85,20,A
3,85,23,A
4,85,61,A
6,85,25,A
15,85,76,A
16,85,38,A
23,85,82,A
27,85,3,A
31,85,14,A
38,85,56,A
40,85,38,A
42,85,82,A
45,85,65,A
47,85,42,A
48,85,17,A
49,85,98,A
50,85,7,A
51,85,7,A
52,85,77,A
56,85,31,A
58,85,38,A
60,85,33,A
62,85,2,A
64,85,7,A
67,85,46,A
83,85,37,A
84,85,56,A
86,85,70,A
88,85,91,A
90,85,20,A
91,85,94,A
92,85,25,A
96,85,29,A
99,85,85,A
6,86,89,A
9,86,13,A
13,86,42,A
15,86,94,A
16,86,30,A
17,86,0,A
25,86,46,A
26,86,97,A
27,86,19,A
28,86,93,A
30,86,56,A
33,86,57,A
38,86,9,A
45,86,29,A
48,86,49,A
55,86,90,A
56,86,28,A
64,86,95,A
67,86,64,A
69,86,51,A
71,86,72,A
78,86,46,A
81,86,77,A
83,86,52,A
84,86,81,A
89,86,2,A
96,86,67,A
8,87,29,A
15,87,80,A
28,87,60,A
40,87,99,A
41,87,7,A
43,87,97,A
44,87,62,A
47,87,52,A
48,87,65,A
49,87,26,A
52,87,49,A
53,87,45,A
54,87,24,A
56,87,56,A
62,87,28,A
64,87,20,A
65,87,70,A
66,87,72,A
67,87,49,A
68,87,45,A
76,87,30,A
82,87,60,A
87,87,22,A
88,87,77,A
90,87,56,A
96,87,91,A
97,87,49,A
2,88,51,A
5,88,5,A
7,88,69,A
10,88,10,A
11,88,51,A
14,88,1,A
15,88,53,A
23,88,38,A
26,88,31,A
30,88,16,A
31,88,74,A
42,88,0,A
56,88,84,A
60,88,27,A
66,88,53,A
67,88,97,A
69,88,72,A
72,88,25,A
74,88,64,A
77,88,16,A
80,88,99,A
81,88,82,A
82,88,36,A
85,88,99,A
92,88,43,A
0,89,25,A
1,89,80,A
4,89,29,A
11,89,55,A
17,89,47,A
18,89,53,A
23,89,7,A
25,89,23,A
26,89,99,A
28,89,97,A
31,89,53,A
32,89,17,A
34,89,41,A
42,89,23,A
44,89,66,A
46,89,62,A
47,89,88,A
48,89,35,A
53,89,68,A
55,89,59,A
63,89,85,A
66,89,58,A
71,89,37,A
74,89,82,A
76,89,32,A
79,89,95,A
80,89,9,A
82,89,73,A
83,89,0,A
87,89,33,A
88,89,22,A
93,89,75,A
97,89,73,A
98,89,61,A
0,90,97,A
2,90,74,A
5,90,2,A
10,90,84,A
11,90,2,A
14,90,51,A
16,90,83,A
17,90,43,A
19,90,34,A
29,90,55,A
30,90,74,A
34,90,55,A
39,90,35,A
42,90,56,A
44,90,69,A
49,90,85,A
51,90,92,A
54,90,34,A
60,90,29,A
64,90,1,A
65,90,4,A
73,90,51,A
91,90,26,A
93,90,46,A
94,90,92,A
97,90,64,A
1,91,7,A
2,91,22,A
10,91,75,A
14,91,51,A
19,91,2,A
20,91,67,A
21,91,21,A
26,91,24,A
29,91,45,A
30,91,37,A
32,91,49,A
41,91,25,A
42,91,74,A
44,91,49,A
48,91,93,A
50,91,12,A
52,91,57,A
59,91,25,A
66,91,54,A
71,91,88,A
73,91,43,A
74,91,80,A
77,91,36,A
80,91,61,A
86,91,7,A
97,91,92,A
98,91,49,A
99,91,34,A
2,92,34,A
4,92,28,A
6,92,71,A
12,92,84,A
21,92,28,A
23,92,60,A
24,92,44,A
32,92,17,A
34,92,41,A
38,92,14,A
39,92,47,A
44,92,75,A
45,92,28,A
49,92,43,A
51,92,16,A
52,92,73,A
57,92,56,A
60,92,34,A
61,92,11,A
66,92,86,A
68,92,55,A
69,92,44,A
74,92,63,A
76,92,26,A
78,92,47,A
81,92,51,A
91,92,71,A
92,92,92,A
93,92,51,A
95,92,87,A
99,92,91,A
0,93,2,A
1,93,54,A
10,93,43,A
16,93,29,A
18,93,65,A
20,93,78,A
24,93,91,A
29,93,40,A
31,93,42,A
34,93,5,A
36,93,56,A
37,93,85,A
40,93,8,A
42,93,40,A
49,93,10,A
56,93,34,A
64,93,20,A
65,93,20,A
69,93,51,A
80,93,84,A
81,93,88,A
82,93,21,A
83,93,45,A
84,93,1,A
85,93,51,A
88,93,27,A
89,93,26,A
94,93,48,A
10,94,25,A
13,94,22,A
16,94,49,A
17,94,76,A
18,94,91,A
21,94,31,A
29,94,76,A
30,94,13,A
31,94,23,A
35,94,10,A
44,94,63,A
45,94,89,A
48,94,30,A
49,94,84,A
52,94,31,A
55,94,67,A
60,94,58,A
64,94,43,A
69,94,86,A
75,94,97,A
76,94,93,A
80,94,82,A
83,94,14,A
84,94,26,A
86,94,49,A
90,94,25,A
1,95,53,A
2,95,60,A
11,95,43,A
22,95,64,A
24,95,62,A
26,95,99,A
29,95,11,A
38,95,24,A
39,95,28,A
41,95,48,A
45,95,51,A
53,95,69,A
54,95,62,A
55,95,11,A
57,95,66,A
61,95,82,A
65,95,72,A
68,95,67,A
71,95,38,A
81,95,77,A
85,95,74,A
95,95,9,A
98,95,94,A
99,95,3,A
2,96,64,A
5,96,10,A
8,96,49,A
11,96,16,A
16,96,78,A
19,96,10,A
23,96,48,A
34,96,18,A
36,96,49,A
37,96,23,A
39,96,4,A
43,96,30,A
45,96,32,A
46,96,64,A
50,96,85,A
61,96,32,A
65,96,29,A
67,96,43,A
69,96,6,A
74,96,0,A
78,96,76,A
80,96,34,A
86,96,52,A
87,96,35,A
89,96,89,A
94,96,24,A
95,96,68,A
1,97,39,A
11,97,24,A
22,97,13,A
24,97,59,A
27,97,8,A
28,97,78,A
29,97,36,A
30,97,4,A
32,97,68,A
34,97,17,A
37,97,58,A
46,97,47,A
49,97,90,A
52,97,71,A
53,97,98,A
55,97,36,A
59,97,45,A
62,97,99,A
72,97,45,A
75,97,22,A
77,97,89,A
79,97,29,A
81,97,68,A
82,97,77,A
84,97,21,A
90,97,47,A
91,97,53,A
94,97,47,A
95,97,70,A
98,97,37,A
1,98,9,A
4,98,20,A
6,98,70,A
9,98,72,A
14,98,58,A
15,98,32,A
16,98,74,A
17,98,28,A
19,98,93,A
21,98,41,A
26,98,52,A
27,98,97,A
34,98,9,A
35,98,73,A
37,98,5,A
38,98,95,A
40,98,43,A
41,98,48,A
42,98,26,A
48,98,76,A
49,98,89,A
52,98,69,A
57,98,45,A
59,98,70,A
62,98,49,A
63,98,82,A
66,98,10,A
69,98,71,A
70,98,2,A
73,98,33,A
74,98,12,A
79,98,7,A
84,98,52,A
86,98,56,A
89,98,83,A
90,98,57,A
96,98,0,A
97,98,67,A
99,98,94,A
15,99,34,A
16,99,42,A
19,99,51,A
20,99,77,A
24,99,93,A
32,99,44,A
35,99,96,A
40,99,90,A
41,99,82,A
44,99,14,A
45,99,41,A
54,99,31,A
59,99,42,A
61,99,54,A
62,99,34,A
63,99,3,A
65,99,52,A
72,99,93,A
77,99,90,A
78,99,33,A
84,99,56,A
91,99,46,A
92,99,8,A
94,99,40,A
95,99,35,A
99,99,63,A
