1,0,24,B
3,0,58,B
5,0,18,B
7,0,7,B
17,0,14,B
25,0,17,B
35,0,87,B
37,0,52,B
39,0,95,B
40,0,96,B
51,0,12,B
53,0,77,B
56,0,37,B
57,0,7,B
58,0,24,B
59,0,62,B
65,0,49,B
66,0,72,B
68,0,38,B
69,0,18,B
71,0,3,B
74,0,85,B
77,0,98,B
78,0,63,B
82,0,38,B
84,0,29,B
85,0,7,B
86,0,78,B
87,0,11,B
89,0,43,B
91,0,0,B
93,0,5,B
94,0,52,B
95,0,94,B
98,0,85,B
1,1,29,B
2,1,77,B
5,1,44,B
6,1,86,B
12,1,47,B
21,1,84,B
26,1,85,B
28,1,94,B
29,1,56,B
33,1,29,B
35,1,89,B
39,1,45,B
41,1,76,B
45,1,58,B
46,1,84,B
53,1,82,B
57,1,69,B
58,1,32,B
66,1,29,B
70,1,81,B
71,1,69,B
73,1,10,B
74,1,73,B
76,1,23,B
78,1,31,B
80,1,43,B
81,1,44,B
84,1,17,B
92,1,76,B
4,2,22,B
6,2,47,B
12,2,94,B
13,2,13,B
14,2,49,B
18,2,72,B
22,2,64,B
26,2,11,B
28,2,40,B
33,2,42,B
35,2,25,B
37,2,81,B
38,2,5,B
39,2,38,B
46,2,23,B
61,2,60,B
66,2,69,B
67,2,24,B
69,2,32,B
78,2,97,B
84,2,24,B
93,2,43,B
94,2,74,B
95,2,5,B
96,2,80,B
97,2,5,B
5,3,95,B
9,3,49,B
10,3,51,B
11,3,12,B
14,3,63,B
16,3,47,B
17,3,84,B
18,3,74,B
21,3,18,B
22,3,65,B
24,3,88,B
25,3,0,B
27,3,37,B
34,3,53,B
36,3,49,B
37,3,15,B
42,3,52,B
49,3,21,B
58,3,35,B
62,3,31,B
65,3,88,B
66,3,53,B
67,3,68,B
70,3,97,B
74,3,50,B
77,3,91,B
78,3,6,B
83,3,29,B
85,3,90,B
87,3,35,B
94,3,1,B
96,3,54,B
0,4,39,B
4,4,83,B
8,4,92,B
13,4,13,B
18,4,90,B
36,4,8,B
39,4,94,B
41,4,71,B
52,4,91,B
59,4,57,B
63,4,74,B
71,4,66,B
73,4,97,B
79,4,94,B
84,4,16,B
87,4,26,B
95,4,81,B
96,4,90,B
0,5,16,B
3,5,5,B
4,5,60,B
6,5,33,B
15,5,20,B
17,5,62,B
19,5,17,B
26,5,52,B
27,5,51,B
28,5,98,B
35,5,74,B
46,5,26,B
51,5,77,B
54,5,26,B
57,5,92,B
62,5,85,B
67,5,10,B
68,5,18,B
71,5,26,B
72,5,35,B
76,5,22,B
78,5,9,B
80,5,73,B
81,5,82,B
82,5,27,B
85,5,29,B
89,5,35,B
2,6,47,B
11,6,70,B
12,6,46,B
14,6,99,B
15,6,14,B
17,6,49,B
18,6,81,B
27,6,38,B
32,6,46,B
33,6,10,B
38,6,2,B
39,6,87,B
41,6,47,B
52,6,32,B
56,6,67,B
60,6,84,B
62,6,25,B
71,6,92,B
72,6,9,B
79,6,47,B
81,6,87,B
83,6,93,B
89,6,38,B
90,6,91,B
92,6,55,B
0,7,47,B
8,7,48,B
11,7,51,B
21,7,43,B
30,7,9,B
34,7,96,B
40,7,86,B
43,7,66,B
44,7,90,B
45,7,46,B
46,7,43,B
51,7,9,B
57,7,74,B
69,7,24,B
73,7,79,B
76,7,99,B
77,7,91,B
78,7,74,B
79,7,83,B
80,7,55,B
81,7,89,B
82,7,42,B
86,7,73,B
92,7,61,B
95,7,29,B
97,7,56,B
1,8,99,B
5,8,8,B
11,8,28,B
13,8,75,B
17,8,60,B
19,8,7,B
23,8,31,B
27,8,82,B
36,8,8,B
39,8,78,B
43,8,70,B
44,8,65,B
51,8,16,B
52,8,48,B
55,8,78,B
57,8,7,B
59,8,92,B
61,8,31,B
62,8,96,B
64,8,95,B
65,8,89,B
68,8,36,B
74,8,50,B
76,8,98,B
79,8,24,B
80,8,59,B
83,8,36,B
88,8,89,B
89,8,84,B
93,8,2,B
96,8,85,B
99,8,96,B
2,9,22,B
7,9,68,B
9,9,75,B
11,9,54,B
17,9,68,B
25,9,74,B
28,9,29,B
32,9,33,B
40,9,21,B
41,9,63,B
42,9,62,B
46,9,10,B
47,9,4,B
48,9,10,B
56,9,91,B
60,9,28,B
67,9,20,B
70,9,46,B
72,9,49,B
75,9,62,B
78,9,35,B
80,9,98,B
82,9,20,B
83,9,91,B
87,9,92,B
89,9,82,B
90,9,17,B
94,9,8,B
95,9,71,B
96,9,82,B
0,10,46,B
4,10,27,B
8,10,8,B
9,10,80,B
18,10,51,B
19,10,73,B
20,10,83,B
22,10,59,B
23,10,90,B
26,10,78,B
28,10,89,B
29,10,2,B
32,10,74,B
37,10,8,B
48,10,37,B
55,10,59,B
59,10,82,B
61,10,51,B
62,10,25,B
65,10,76,B
71,10,39,B
74,10,2,B
75,10,25,B
76,10,58,B
80,10,0,B
82,10,36,B
93,10,20,B
95,10,95,B
99,10,55,B
3,11,92,B
4,11,71,B
7,11,90,B
8,11,16,B
11,11,49,B
16,11,35,B
17,11,65,B
18,11,48,B
21,11,69,B
22,11,94,B
23,11,81,B
27,11,80,B
29,11,47,B
32,11,86,B
38,11,74,B
39,11,66,B
48,11,76,B
51,11,3,B
52,11,71,B
60,11,8,B
64,11,2,B
65,11,10,B
77,11,15,B
78,11,46,B
80,11,52,B
83,11,9,B
86,11,80,B
90,11,32,B
91,11,90,B
92,11,95,B
0,12,90,B
6,12,6,B
7,12,93,B
8,12,0,B
10,12,61,B
12,12,53,B
13,12,15,B
20,12,56,B
22,12,43,B
23,12,34,B
24,12,48,B
30,12,71,B
32,12,94,B
34,12,85,B
37,12,73,B
44,12,82,B
47,12,18,B
57,12,62,B
61,12,28,B
62,12,1,B
63,12,82,B
70,12,65,B
75,12,89,B
80,12,46,B
83,12,98,B
89,12,45,B
99,12,45,B
0,13,16,B
1,13,20,B
10,13,34,B
11,13,19,B
13,13,77,B
14,13,66,B
15,13,9,B
16,13,83,B
18,13,44,B
19,13,99,B
20,13,50,B
23,13,64,B
30,13,31,B
31,13,29,B
37,13,22,B
40,13,13,B
48,13,54,B
51,13,93,B
52,13,26,B
55,13,39,B
64,13,7,B
65,13,80,B
66,13,62,B
69,13,42,B
75,13,64,B
76,13,42,B
79,13,8,B
84,13,27,B
85,13,96,B
87,13,84,B
88,13,85,B
93,13,61,B
94,13,31,B
98,13,6,B
99,13,48,B
9,14,37,B
10,14,21,B
12,14,11,B
17,14,10,B
18,14,28,B
20,14,10,B
27,14,41,B
30,14,83,B
34,14,72,B
36,14,72,B
46,14,9,B
47,14,28,B
48,14,36,B
51,14,54,B
53,14,41,B
54,14,7,B
64,14,8,B
67,14,11,B
68,14,53,B
69,14,93,B
71,14,30,B
76,14,64,B
81,14,69,B
82,14,79,B
83,14,25,B
84,14,72,B
85,14,58,B
87,14,60,B
88,14,52,B
93,14,95,B
98,14,62,B
1,15,42,B
3,15,38,B
4,15,13,B
7,15,33,B
14,15,3,B
15,15,85,B
16,15,85,B
18,15,83,B
20,15,56,B
23,15,38,B
29,15,14,B
30,15,69,B
31,15,98,B
36,15,37,B
38,15,79,B
39,15,62,B
42,15,16,B
43,15,18,B
62,15,86,B
63,15,97,B
64,15,86,B
65,15,64,B
70,15,84,B
77,15,76,B
84,15,27,B
86,15,76,B
88,15,47,B
91,15,59,B
93,15,51,B
94,15,43,B
95,15,13,B
0,16,91,B
1,16,5,B
2,16,88,B
4,16,7,B
7,16,84,B
9,16,80,B
11,16,97,B
13,16,76,B
14,16,24,B
16,16,18,B
20,16,38,B
31,16,12,B
32,16,56,B
34,16,47,B
35,16,50,B
40,16,9,B
46,16,97,B
51,16,5,B
56,16,68,B
57,16,91,B
58,16,16,B
59,16,70,B
64,16,87,B
68,16,85,B
70,16,99,B
71,16,53,B
77,16,8,B
78,16,82,B
80,16,97,B
83,16,10,B
86,16,74,B
87,16,78,B
88,16,79,B
90,16,88,B
93,16,92,B
97,16,38,B
99,16,13,B
0,17,53,B
3,17,68,B
4,17,55,B
5,17,58,B
16,17,8,B
24,17,88,B
28,17,52,B
31,17,58,B
33,17,33,B
41,17,34,B
42,17,32,B
43,17,27,B
48,17,40,B
50,17,36,B
61,17,97,B
65,17,56,B
75,17,63,B
76,17,33,B
80,17,50,B
84,17,77,B
86,17,33,B
88,17,18,B
91,17,74,B
94,17,49,B
1,18,53,B
11,18,42,B
14,18,46,B
17,18,3,B
18,18,79,B
22,18,16,B
23,18,83,B
24,18,85,B
27,18,42,B
28,18,52,B
29,18,8,B
32,18,12,B
33,18,66,B
34,18,17,B
36,18,85,B
39,18,85,B
42,18,79,B
43,18,20,B
46,18,33,B
47,18,63,B
48,18,46,B
58,18,0,B
61,18,67,B
62,18,69,B
68,18,16,B
74,18,39,B
76,18,54,B
77,18,71,B
79,18,57,B
80,18,75,B
87,18,50,B
95,18,4,B
96,18,79,B
98,18,46,B
3,19,35,B
4,19,24,B
5,19,12,B
6,19,36,B
7,19,96,B
8,19,46,B
14,19,23,B
15,19,19,B
20,19,73,B
21,19,88,B
23,19,46,B
27,19,51,B
30,19,58,B
31,19,50,B
32,19,93,B
37,19,41,B
44,19,77,B
45,19,91,B
50,19,94,B
58,19,32,B
66,19,43,B
69,19,12,B
78,19,95,B
83,19,90,B
88,19,69,B
90,19,51,B
93,19,55,B
95,19,76,B
1,20,54,B
2,20,85,B
4,20,19,B
6,20,97,B
9,20,4,B
12,20,12,B
14,20,55,B
16,20,59,B
17,20,17,B
23,20,76,B
26,20,74,B
28,20,43,B
30,20,28,B
34,20,55,B
35,20,91,B
40,20,95,B
47,20,46,B
48,20,28,B
51,20,14,B
63,20,24,B
64,20,98,B
65,20,66,B
67,20,24,B
72,20,14,B
73,20,93,B
77,20,81,B
78,20,22,B
79,20,1,B
91,20,67,B
92,20,74,B
96,20,0,B
97,20,77,B
98,20,72,B
99,20,64,B
1,21,63,B
2,21,77,B
10,21,42,B
11,21,86,B
12,21,71,B
21,21,93,B
22,21,54,B
32,21,47,B
35,21,92,B
41,21,6,B
42,21,63,B
46,21,77,B
55,21,33,B
56,21,44,B
60,21,93,B
62,21,86,B
66,21,26,B
68,21,10,B
69,21,95,B
72,21,79,B
85,21,87,B
86,21,58,B
88,21,2,B
90,21,81,B
92,21,16,B
93,21,39,B
95,21,43,B
1,22,25,B
6,22,90,B
8,22,3,B
10,22,0,B
12,22,33,B
13,22,88,B
14,22,58,B
15,22,60,B
18,22,81,B
19,22,61,B
28,22,69,B
35,22,35,B
39,22,59,B
42,22,76,B
43,22,59,B
45,22,16,B
47,22,10,B
50,22,69,B
51,22,79,B
55,22,28,B
56,22,78,B
64,22,94,B
69,22,62,B
74,22,36,B
75,22,36,B
78,22,48,B
79,22,95,B
82,22,26,B
85,22,96,B
90,22,22,B
91,22,87,B
94,22,31,B
95,22,55,B
96,22,79,B
99,22,48,B
5,23,7,B
8,23,3,B
10,23,93,B
11,23,0,B
20,23,58,B
24,23,38,B
27,23,52,B
28,23,63,B
34,23,35,B
40,23,30,B
42,23,53,B
51,23,99,B
64,23,52,B
68,23,8,B
69,23,75,B
74,23,49,B
76,23,11,B
77,23,14,B
78,23,30,B
80,23,94,B
81,23,42,B
82,23,87,B
84,23,82,B
85,23,28,B
86,23,77,B
87,23,50,B
90,23,86,B
91,23,14,B
96,23,31,B
99,23,65,B
3,24,77,B
6,24,19,B
10,24,54,B
11,24,97,B
23,24,4,B
26,24,85,B
30,24,88,B
32,24,47,B
33,24,82,B
34,24,71,B
43,24,47,B
44,24,16,B
48,24,52,B
56,24,31,B
58,24,4,B
59,24,67,B
60,24,89,B
61,24,63,B
63,24,48,B
68,24,77,B
69,24,52,B
70,24,16,B
71,24,28,B
72,24,86,B
77,24,39,B
85,24,2,B
91,24,6,B
92,24,1,B
95,24,20,B
96,24,4,B
97,24,5,B
6,25,80,B
7,25,26,B
8,25,23,B
15,25,44,B
19,25,16,B
20,25,43,B
24,25,23,B
25,25,0,B
32,25,4,B
36,25,1,B
38,25,99,B
39,25,10,B
42,25,7,B
44,25,78,B
45,25,76,B
46,25,24,B
47,25,37,B
49,25,60,B
50,25,93,B
54,25,67,B
61,25,28,B
72,25,45,B
73,25,29,B
75,25,47,B
76,25,7,B
77,25,22,B
80,25,55,B
82,25,97,B
93,25,23,B
96,25,3,B
0,26,81,B
6,26,48,B
11,26,94,B
12,26,56,B
19,26,33,B
20,26,51,B
21,26,0,B
22,26,66,B
23,26,41,B
28,26,93,B
29,26,60,B
31,26,14,B
35,26,64,B
36,26,40,B
37,26,36,B
39,26,14,B
41,26,85,B
47,26,48,B
49,26,34,B
55,26,72,B
73,26,32,B
76,26,18,B
77,26,40,B
81,26,97,B
82,26,97,B
84,26,69,B
90,26,23,B
91,26,62,B
93,26,55,B
95,26,67,B
0,27,39,B
3,27,29,B
10,27,91,B
12,27,19,B
13,27,83,B
17,27,75,B
27,27,75,B
30,27,6,B
35,27,3,B
36,27,86,B
49,27,79,B
54,27,97,B
56,27,74,B
59,27,70,B
60,27,51,B
71,27,62,B
72,27,97,B
74,27,56,B
75,27,56,B
84,27,15,B
88,27,19,B
92,27,4,B
96,27,25,B
3,28,14,B
5,28,63,B
8,28,99,B
11,28,51,B
12,28,48,B
14,28,72,B
18,28,73,B
22,28,68,B
23,28,49,B
27,28,20,B
28,28,16,B
31,28,36,B
32,28,79,B
33,28,89,B
35,28,70,B
40,28,79,B
41,28,45,B
44,28,65,B
47,28,30,B
50,28,91,B
51,28,66,B
52,28,5,B
55,28,37,B
60,28,26,B
61,28,97,B
66,28,63,B
81,28,28,B
85,28,41,B
87,28,49,B
89,28,37,B
92,28,82,B
95,28,97,B
97,28,85,B
0,29,64,B
3,29,19,B
5,29,83,B
8,29,79,B
11,29,62,B
13,29,36,B
17,29,43,B
18,29,88,B
19,29,37,B
21,29,95,B
22,29,9,B
29,29,36,B
36,29,74,B
51,29,76,B
52,29,86,B
54,29,78,B
56,29,44,B
61,29,44,B
62,29,48,B
66,29,81,B
67,29,78,B
75,29,27,B
78,29,66,B
80,29,98,B
81,29,51,B
85,29,50,B
88,29,74,B
89,29,95,B
94,29,64,B
96,29,93,B
97,29,17,B
99,29,89,B
2,30,6,B
9,30,20,B
12,30,49,B
13,30,54,B
15,30,35,B
27,30,10,B
29,30,61,B
30,30,0,B
33,30,16,B
39,30,91,B
47,30,82,B
48,30,7,B
49,30,36,B
54,30,66,B
61,30,51,B
62,30,96,B
64,30,97,B
69,30,88,B
78,30,6,B
81,30,91,B
86,30,35,B
94,30,30,B
97,30,87,B
0,31,49,B
1,31,71,B
2,31,26,B
3,31,76,B
4,31,63,B
11,31,87,B
12,31,25,B
19,31,55,B
23,31,94,B
29,31,11,B
35,31,13,B
36,31,4,B
39,31,10,B
42,31,6,B
44,31,34,B
46,31,63,B
47,31,92,B
51,31,56,B
56,31,80,B
65,31,20,B
67,31,30,B
69,31,95,B
75,31,99,B
76,31,78,B
82,31,40,B
83,31,4,B
87,31,85,B
94,31,91,B
95,31,74,B
5,32,65,B
7,32,80,B
9,32,24,B
14,32,41,B
21,32,67,B
26,32,14,B
29,32,67,B
30,32,39,B
33,32,45,B
34,32,70,B
39,32,8,B
44,32,87,B
45,32,4,B
51,32,40,B
62,32,47,B
65,32,56,B
68,32,32,B
73,32,45,B
76,32,7,B
89,32,90,B
92,32,95,B
95,32,54,B
98,32,60,B
1,33,7,B
3,33,73,B
7,33,82,B
8,33,23,B
13,33,92,B
18,33,91,B
20,33,15,B
21,33,29,B
24,33,82,B
30,33,29,B
34,33,45,B
36,33,30,B
38,33,22,B
45,33,82,B
55,33,12,B
56,33,18,B
61,33,28,B
63,33,17,B
68,33,4,B
70,33,77,B
72,33,42,B
80,33,86,B
81,33,73,B
85,33,82,B
88,33,59,B
90,33,72,B
93,33,39,B
98,33,62,B
7,34,81,B
8,34,37,B
9,34,84,B
10,34,18,B
11,34,14,B
12,34,96,B
13,34,55,B
20,34,90,B
22,34,26,B
23,34,98,B
24,34,35,B
29,34,23,B
31,34,70,B
35,34,63,B
36,34,23,B
40,34,79,B
41,34,25,B
42,34,4,B
44,34,77,B
55,34,19,B
62,34,37,B
67,34,9,B
70,34,68,B
72,34,50,B
73,34,3,B
74,34,24,B
75,34,46,B
77,34,98,B
84,34,18,B
91,34,28,B
92,34,24,B
94,34,80,B
95,34,77,B
1,35,66,B
3,35,48,B
8,35,54,B
16,35,86,B
20,35,61,B
26,35,90,B
31,35,66,B
33,35,12,B
35,35,96,B
37,35,69,B
39,35,75,B
43,35,80,B
46,35,67,B
48,35,79,B
53,35,24,B
54,35,51,B
60,35,21,B
64,35,69,B
74,35,29,B
80,35,6,B
90,35,73,B
92,35,77,B
93,35,15,B
96,35,62,B
97,35,53,B
98,35,43,B
1,36,77,B
6,36,55,B
10,36,1,B
17,36,35,B
19,36,74,B
22,36,13,B
26,36,30,B
30,36,44,B
35,36,74,B
40,36,26,B
41,36,53,B
44,36,62,B
46,36,88,B
50,36,90,B
53,36,27,B
54,36,85,B
56,36,57,B
60,36,74,B
61,36,95,B
62,36,91,B
65,36,60,B
71,36,55,B
72,36,44,B
75,36,6,B
77,36,8,B
79,36,4,B
81,36,33,B
86,36,60,B
87,36,41,B
88,36,38,B
92,36,53,B
93,36,60,B
95,36,11,B
97,36,50,B
5,37,67,B
7,37,72,B
11,37,52,B
13,37,90,B
20,37,25,B
21,37,8,B
23,37,95,B
24,37,48,B
25,37,2,B
26,37,51,B
29,37,79,B
32,37,29,B
34,37,95,B
36,37,65,B
40,37,15,B
43,37,89,B
44,37,87,B
51,37,34,B
52,37,87,B
59,37,23,B
61,37,7,B
63,37,20,B
65,37,43,B
67,37,43,B
70,37,34,B
73,37,26,B
75,37,99,B
76,37,47,B
77,37,47,B
80,37,44,B
86,37,0,B
87,37,84,B
90,37,46,B
2,38,27,B
3,38,39,B
6,38,24,B
10,38,71,B
11,38,97,B
17,38,82,B
19,38,76,B
21,38,88,B
25,38,11,B
26,38,30,B
29,38,28,B
37,38,85,B
39,38,5,B
41,38,84,B
43,38,20,B
49,38,53,B
59,38,84,B
66,38,16,B
68,38,32,B
70,38,69,B
72,38,40,B
74,38,77,B
79,38,12,B
80,38,47,B
89,38,14,B
91,38,96,B
95,38,50,B
97,38,0,B
98,38,55,B
6,39,9,B
8,39,7,B
10,39,16,B
11,39,40,B
19,39,69,B
21,39,41,B
25,39,92,B
26,39,75,B
27,39,12,B
30,39,31,B
32,39,39,B
36,39,53,B
39,39,44,B
47,39,98,B
48,39,13,B
53,39,37,B
56,39,31,B
58,39,38,B
60,39,53,B
61,39,42,B
62,39,57,B
63,39,72,B
67,39,97,B
70,39,42,B
72,39,75,B
74,39,3,B
78,39,54,B
79,39,93,B
83,39,46,B
84,39,50,B
86,39,44,B
87,39,23,B
88,39,88,B
90,39,45,B
92,39,15,B
97,39,42,B
8,40,14,B
13,40,92,B
17,40,22,B
28,40,67,B
31,40,48,B
32,40,56,B
39,40,59,B
40,40,72,B
44,40,92,B
46,40,13,B
47,40,6,B
48,40,62,B
49,40,26,B
50,40,0,B
52,40,61,B
54,40,86,B
60,40,39,B
61,40,72,B
62,40,65,B
64,40,34,B
68,40,77,B
70,40,22,B
72,40,25,B
73,40,33,B
77,40,83,B
79,40,62,B
83,40,60,B
90,40,21,B
93,40,54,B
97,40,61,B
3,41,17,B
4,41,32,B
6,41,0,B
18,41,38,B
20,41,43,B
21,41,80,B
27,41,66,B
28,41,7,B
30,41,51,B
32,41,33,B
34,41,14,B
36,41,76,B
37,41,4,B
38,41,91,B
39,41,81,B
43,41,85,B
45,41,67,B
46,41,38,B
48,41,98,B
51,41,14,B
57,41,42,B
64,41,10,B
65,41,90,B
66,41,22,B
67,41,18,B
70,41,51,B
71,41,43,B
72,41,34,B
76,41,8,B
79,41,46,B
81,41,38,B
82,41,43,B
85,41,53,B
91,41,49,B
92,41,13,B
96,41,59,B
97,41,79,B
99,41,66,B
1,42,34,B
6,42,60,B
7,42,75,B
12,42,5,B
13,42,90,B
16,42,64,B
17,42,53,B
23,42,61,B
27,42,68,B
28,42,3,B
33,42,44,B
34,42,81,B
37,42,29,B
39,42,12,B
42,42,41,B
44,42,33,B
45,42,48,B
48,42,5,B
49,42,61,B
51,42,74,B
57,42,16,B
62,42,93,B
63,42,21,B
68,42,3,B
73,42,59,B
74,42,27,B
75,42,65,B
76,42,80,B
78,42,14,B
83,42,35,B
85,42,41,B
88,42,65,B
89,42,15,B
91,42,88,B
97,42,12,B
1,43,1,B
4,43,58,B
10,43,38,B
13,43,68,B
14,43,91,B
19,43,32,B
20,43,0,B
21,43,37,B
28,43,70,B
34,43,34,B
37,43,23,B
44,43,17,B
45,43,41,B
47,43,45,B
49,43,88,B
59,43,1,B
63,43,2,B
64,43,87,B
69,43,90,B
71,43,94,B
74,43,86,B
77,43,35,B
80,43,34,B
81,43,8,B
83,43,43,B
86,43,72,B
90,43,32,B
91,43,70,B
94,43,25,B
95,43,8,B
98,43,92,B
10,44,2,B
11,44,2,B
16,44,34,B
20,44,86,B
21,44,8,B
22,44,60,B
24,44,78,B
27,44,69,B
30,44,48,B
32,44,95,B
37,44,3,B
38,44,14,B
40,44,60,B
49,44,22,B
53,44,15,B
63,44,54,B
64,44,31,B
65,44,82,B
66,44,34,B
67,44,85,B
69,44,55,B
70,44,10,B
71,44,99,B
78,44,37,B
80,44,64,B
82,44,41,B
85,44,61,B
90,44,21,B
99,44,12,B
1,45,20,B
5,45,59,B
9,45,34,B
13,45,9,B
20,45,77,B
32,45,78,B
34,45,75,B
42,45,83,B
46,45,34,B
47,45,56,B
49,45,43,B
51,45,77,B
52,45,28,B
53,45,18,B
56,45,5,B
57,45,91,B
58,45,39,B
59,45,44,B
61,45,39,B
63,45,15,B
65,45,15,B
68,45,1,B
69,45,56,B
78,45,49,B
80,45,85,B
86,45,55,B
89,45,82,B
93,45,98,B
97,45,29,B
0,46,39,B
1,46,20,B
3,46,2,B
5,46,52,B
7,46,95,B
12,46,4,B
15,46,37,B
22,46,63,B
25,46,17,B
27,46,38,B
31,46,95,B
34,46,95,B
35,46,24,B
37,46,93,B
39,46,53,B
42,46,53,B
45,46,41,B
46,46,0,B
48,46,74,B
56,46,34,B
65,46,83,B
66,46,72,B
71,46,4,B
74,46,96,B
79,46,41,B
80,46,95,B
82,46,93,B
84,46,42,B
87,46,13,B
88,46,41,B
97,46,67,B
1,47,70,B
5,47,0,B
9,47,83,B
14,47,87,B
20,47,66,B
26,47,34,B
29,47,65,B
30,47,1,B
32,47,74,B
40,47,94,B
45,47,56,B
47,47,29,B
49,47,79,B
50,47,54,B
51,47,31,B
53,47,36,B
56,47,34,B
59,47,86,B
72,47,68,B
75,47,64,B
76,47,26,B
80,47,58,B
84,47,77,B
87,47,37,B
89,47,73,B
93,47,36,B
98,47,12,B
8,48,21,B
12,48,41,B
16,48,87,B
19,48,54,B
24,48,10,B
25,48,85,B
27,48,29,B
29,48,8,B
34,48,35,B
37,48,48,B
38,48,95,B
42,48,62,B
49,48,31,B
55,48,87,B
56,48,26,B
57,48,48,B
59,48,35,B
60,48,64,B
63,48,91,B
66,48,14,B
69,48,57,B
70,48,22,B
72,48,76,B
74,48,96,B
77,48,8,B
78,48,71,B
81,48,63,B
88,48,97,B
89,48,4,B
93,48,1,B
96,48,19,B
98,48,55,B
99,48,46,B
1,49,2,B
3,49,32,B
5,49,32,B
7,49,3,B
9,49,2,B
10,49,76,B
11,49,84,B
22,49,82,B
23,49,85,B
25,49,43,B
26,49,77,B
28,49,57,B
29,49,77,B
36,49,88,B
39,49,79,B
40,49,51,B
41,49,19,B
42,49,44,B
48,49,61,B
49,49,76,B
51,49,55,B
52,49,34,B
53,49,43,B
55,49,88,B
59,49,5,B
61,49,79,B
63,49,51,B
64,49,85,B
75,49,16,B
77,49,31,B
78,49,41,B
80,49,49,B
81,49,28,B
82,49,96,B
85,49,13,B
90,49,47,B
91,49,3,B
92,49,43,B
97,49,31,B
4,50,13,B
6,50,9,B
13,50,93,B
22,50,54,B
25,50,6,B
28,50,89,B
36,50,80,B
40,50,51,B
42,50,63,B
43,50,13,B
54,50,2,B
58,50,91,B
60,50,35,B
62,50,13,B
68,50,5,B
71,50,32,B
73,50,53,B
74,50,69,B
79,50,6,B
82,50,68,B
89,50,11,B
91,50,64,B
92,50,38,B
95,50,61,B
97,50,46,B
1,51,13,B
2,51,57,B
5,51,48,B
7,51,85,B
12,51,72,B
15,51,51,B
20,51,61,B
21,51,79,B
22,51,35,B
32,51,36,B
44,51,80,B
50,51,42,B
52,51,71,B
57,51,11,B
60,51,72,B
64,51,96,B
70,51,14,B
71,51,26,B
74,51,82,B
79,51,44,B
81,51,83,B
82,51,39,B
85,51,78,B
86,51,47,B
90,51,16,B
94,51,76,B
3,52,41,B
5,52,14,B
10,52,1,B
11,52,46,B
20,52,88,B
26,52,42,B
28,52,94,B
30,52,12,B
34,52,11,B
38,52,3,B
43,52,53,B
44,52,96,B
54,52,46,B
60,52,94,B
62,52,55,B
71,52,10,B
73,52,56,B
78,52,52,B
81,52,62,B
83,52,38,B
84,52,46,B
87,52,6,B
96,52,65,B
97,52,43,B
99,52,39,B
8,53,49,B
11,53,96,B
12,53,98,B
15,53,3,B
18,53,0,B
21,53,51,B
24,53,26,B
27,53,61,B
32,53,1,B
47,53,41,B
48,53,24,B
49,53,42,B
50,53,49,B
55,53,16,B
56,53,7,B
58,53,84,B
68,53,20,B
72,53,76,B
73,53,71,B
75,53,96,B
79,53,77,B
80,53,94,B
81,53,22,B
83,53,11,B
86,53,13,B
92,53,36,B
95,53,23,B
96,53,73,B
4,54,29,B
6,54,98,B
7,54,59,B
9,54,1,B
13,54,76,B
17,54,23,B
18,54,56,B
19,54,53,B
28,54,59,B
34,54,94,B
35,54,97,B
37,54,93,B
39,54,55,B
40,54,48,B
41,54,97,B
48,54,91,B
53,54,94,B
57,54,27,B
60,54,8,B
61,54,45,B
64,54,77,B
66,54,29,B
69,54,6,B
77,54,64,B
78,54,46,B
79,54,13,B
81,54,64,B
84,54,39,B
89,54,91,B
91,54,66,B
5,55,23,B
7,55,12,B
8,55,95,B
10,55,22,B
11,55,5,B
12,55,99,B
13,55,63,B
21,55,22,B
28,55,74,B
31,55,2,B
33,55,5,B
41,55,16,B
44,55,70,B
48,55,53,B
49,55,10,B
55,55,66,B
56,55,49,B
61,55,73,B
65,55,55,B
66,55,75,B
68,55,67,B
71,55,60,B
72,55,62,B
78,55,97,B
79,55,86,B
82,55,98,B
86,55,23,B
87,55,15,B
89,55,4,B
96,55,69,B
98,55,25,B
99,55,20,B
10,56,83,B
11,56,68,B
13,56,25,B
14,56,65,B
15,56,21,B
16,56,87,B
21,56,11,B
23,56,32,B
24,56,65,B
36,56,74,B
43,56,17,B
44,56,36,B
45,56,71,B
47,56,6,B
50,56,78,B
57,56,19,B
63,56,90,B
66,56,34,B
67,56,6,B
68,56,37,B
73,56,39,B
74,56,20,B
75,56,96,B
79,56,71,B
84,56,15,B
85,56,2,B
88,56,20,B
89,56,36,B
92,56,60,B
93,56,15,B
94,56,16,B
96,56,93,B
97,56,39,B
4,57,99,B
7,57,64,B
8,57,25,B
10,57,68,B
11,57,7,B
19,57,64,B
20,57,47,B
23,57,7,B
26,57,82,B
27,57,76,B
28,57,42,B
37,57,33,B
38,57,65,B
41,57,53,B
48,57,82,B
54,57,36,B
59,57,47,B
60,57,5,B
62,57,11,B
67,57,70,B
73,57,94,B
79,57,35,B
82,57,33,B
84,57,69,B
87,57,3,B
88,57,24,B
89,57,90,B
3,58,42,B
11,58,60,B
14,58,10,B
18,58,86,B
19,58,37,B
22,58,3,B
23,58,48,B
25,58,45,B
34,58,88,B
35,58,99,B
36,58,2,B
37,58,70,B
40,58,28,B
51,58,7,B
52,58,38,B
57,58,87,B
60,58,69,B
62,58,38,B
68,58,12,B
75,58,26,B
77,58,45,B
78,58,57,B
80,58,96,B
82,58,48,B
85,58,3,B
93,58,14,B
98,58,25,B
99,58,51,B
2,59,1,B
8,59,92,B
12,59,44,B
15,59,18,B
16,59,49,B
17,59,35,B
18,59,50,B
25,59,95,B
26,59,60,B
31,59,47,B
41,59,58,B
44,59,29,B
46,59,19,B
48,59,8,B
50,59,84,B
55,59,81,B
56,59,0,B
57,59,85,B
61,59,26,B
63,59,81,B
64,59,1,B
67,59,31,B
68,59,74,B
71,59,88,B
73,59,76,B
79,59,34,B
80,59,44,B
81,59,98,B
86,59,69,B
87,59,29,B
89,59,67,B
95,59,68,B
96,59,91,B
97,59,47,B
99,59,24,B
0,60,48,B
2,60,75,B
7,60,34,B
11,60,12,B
12,60,43,B
13,60,36,B
15,60,12,B
18,60,11,B
24,60,92,B
26,60,15,B
30,60,57,B
32,60,33,B
34,60,32,B
36,60,2,B
38,60,61,B
44,60,64,B
45,60,11,B
51,60,39,B
56,60,98,B
59,60,47,B
70,60,14,B
77,60,16,B
78,60,28,B
80,60,39,B
85,60,94,B
93,60,44,B
3,61,30,B
6,61,68,B
9,61,66,B
18,61,48,B
19,61,85,B
20,61,27,B
25,61,31,B
28,61,8,B
35,61,95,B
37,61,19,B
39,61,25,B
40,61,75,B
41,61,52,B
42,61,28,B
46,61,11,B
50,61,35,B
51,61,54,B
58,61,25,B
61,61,82,B
63,61,62,B
64,61,51,B
73,61,40,B
75,61,20,B
78,61,75,B
83,61,43,B
96,61,44,B
99,61,57,B
2,62,98,B
9,62,35,B
10,62,81,B
12,62,38,B
17,62,95,B
19,62,27,B
22,62,40,B
25,62,79,B
30,62,88,B
33,62,60,B
34,62,62,B
52,62,67,B
55,62,34,B
63,62,27,B
64,62,18,B
67,62,32,B
69,62,32,B
74,62,96,B
79,62,16,B
84,62,37,B
87,62,67,B
96,62,64,B
6,63,94,B
11,63,62,B
13,63,10,B
17,63,39,B
18,63,2,B
27,63,60,B
29,63,2,B
36,63,4,B
37,63,94,B
39,63,4,B
40,63,36,B
42,63,68,B
45,63,2,B
47,63,52,B
49,63,63,B
50,63,10,B
51,63,43,B
60,63,49,B
62,63,22,B
66,63,97,B
68,63,43,B
70,63,20,B
72,63,95,B
80,63,46,B
84,63,83,B
87,63,97,B
89,63,21,B
95,63,52,B
98,63,1,B
99,63,66,B
1,64,97,B
3,64,41,B
7,64,91,B
11,64,87,B
18,64,95,B
24,64,32,B
25,64,79,B
26,64,3,B
31,64,98,B
34,64,0,B
43,64,64,B
45,64,71,B
46,64,63,B
51,64,14,B
52,64,7,B
54,64,91,B
56,64,75,B
57,64,41,B
60,64,18,B
61,64,48,B
65,64,13,B
66,64,73,B
67,64,95,B
71,64,61,B
72,64,80,B
78,64,71,B
81,64,5,B
82,64,87,B
88,64,18,B
89,64,27,B
97,64,41,B
2,65,34,B
6,65,27,B
12,65,1,B
13,65,45,B
15,65,54,B
17,65,4,B
19,65,61,B
21,65,49,B
27,65,76,B
34,65,31,B
39,65,38,B
41,65,27,B
43,65,74,B
45,65,88,B
58,65,27,B
60,65,3,B
65,65,89,B
66,65,34,B
67,65,93,B
69,65,31,B
70,65,50,B
73,65,60,B
76,65,44,B
77,65,16,B
78,65,15,B
85,65,80,B
88,65,19,B
92,65,78,B
96,65,72,B
3,66,75,B
6,66,18,B
9,66,13,B
17,66,63,B
19,66,61,B
23,66,27,B
27,66,54,B
30,66,34,B
31,66,63,B
32,66,46,B
35,66,77,B
39,66,39,B
41,66,67,B
42,66,46,B
43,66,74,B
44,66,18,B
48,66,57,B
52,66,92,B
59,66,19,B
64,66,70,B
70,66,68,B
71,66,2,B
72,66,22,B
73,66,2,B
74,66,53,B
75,66,69,B
78,66,17,B
81,66,69,B
83,66,26,B
84,66,5,B
85,66,73,B
86,66,92,B
92,66,14,B
0,67,53,B
1,67,95,B
8,67,9,B
11,67,68,B
12,67,51,B
17,67,69,B
19,67,68,B
21,67,8,B
22,67,16,B
28,67,7,B
29,67,39,B
30,67,58,B
31,67,30,B
34,67,22,B
36,67,80,B
40,67,62,B
41,67,84,B
42,67,75,B
43,67,53,B
44,67,51,B
49,67,62,B
57,67,4,B
58,67,72,B
59,67,86,B
61,67,37,B
65,67,22,B
77,67,65,B
82,67,0,B
83,67,56,B
88,67,47,B
90,67,54,B
96,67,42,B
98,67,10,B
3,68,2,B
5,68,39,B
12,68,78,B
15,68,67,B
29,68,27,B
30,68,89,B
35,68,9,B
39,68,31,B
43,68,6,B
47,68,44,B
48,68,33,B
49,68,96,B
53,68,60,B
57,68,34,B
61,68,19,B
62,68,57,B
70,68,94,B
71,68,56,B
77,68,98,B
78,68,3,B
79,68,14,B
83,68,30,B
84,68,78,B
86,68,95,B
95,68,30,B
3,69,58,B
4,69,4,B
5,69,91,B
9,69,16,B
10,69,47,B
19,69,72,B
20,69,42,B
34,69,61,B
37,69,31,B
38,69,99,B
39,69,85,B
41,69,64,B
45,69,64,B
46,69,9,B
51,69,88,B
53,69,32,B
56,69,31,B
62,69,42,B
71,69,84,B
75,69,24,B
78,69,20,B
83,69,14,B
86,69,89,B
88,69,3,B
89,69,91,B
98,69,20,B
5,70,29,B
6,70,98,B
7,70,98,B
10,70,39,B
15,70,88,B
19,70,38,B
23,70,43,B
27,70,9,B
28,70,96,B
31,70,4,B
35,70,55,B
39,70,96,B
50,70,26,B
56,70,45,B
62,70,11,B
63,70,89,B
65,70,20,B
66,70,97,B
70,70,71,B
73,70,45,B
78,70,53,B
83,70,42,B
84,70,66,B
88,70,91,B
90,70,46,B
92,70,27,B
94,70,96,B
95,70,4,B
4,71,54,B
5,71,29,B
8,71,35,B
9,71,77,B
10,71,27,B
12,71,40,B
18,71,62,B
19,71,4,B
20,71,21,B
25,71,60,B
27,71,41,B
29,71,71,B
31,71,5,B
39,71,92,B
44,71,14,B
45,71,69,B
46,71,11,B
47,71,93,B
48,71,76,B
49,71,40,B
54,71,1,B
56,71,14,B
62,71,48,B
67,71,69,B
69,71,20,B
75,71,91,B
85,71,62,B
87,71,36,B
94,71,80,B
99,71,18,B
1,72,96,B
2,72,53,B
3,72,27,B
5,72,7,B
11,72,24,B
16,72,87,B
18,72,57,B
22,72,6,B
26,72,64,B
27,72,23,B
32,72,80,B
33,72,96,B
35,72,9,B
37,72,9,B
41,72,66,B
44,72,80,B
46,72,37,B
50,72,86,B
54,72,53,B
55,72,82,B
67,72,37,B
71,72,23,B
72,72,77,B
73,72,24,B
76,72,51,B
77,72,80,B
81,72,76,B
85,72,45,B
86,72,92,B
93,72,2,B
96,72,15,B
98,72,80,B
0,73,66,B
1,73,16,B
4,73,63,B
7,73,86,B
11,73,94,B
12,73,0,B
23,73,37,B
27,73,44,B
29,73,66,B
30,73,17,B
33,73,30,B
34,73,6,B
35,73,51,B
36,73,5,B
41,73,4,B
49,73,71,B
50,73,4,B
52,73,59,B
54,73,6,B
59,73,34,B
61,73,73,B
69,73,62,B
74,73,42,B
77,73,13,B
80,73,34,B
82,73,90,B
83,73,13,B
84,73,94,B
86,73,58,B
92,73,32,B
95,73,86,B
9,74,33,B
11,74,61,B
12,74,18,B
16,74,44,B
17,74,89,B
27,74,35,B
29,74,11,B
37,74,67,B
43,74,31,B
48,74,79,B
49,74,94,B
50,74,49,B
51,74,75,B
53,74,39,B
56,74,51,B
57,74,19,B
59,74,43,B
61,74,66,B
62,74,12,B
66,74,74,B
69,74,0,B
72,74,10,B
73,74,77,B
74,74,6,B
76,74,50,B
78,74,20,B
80,74,37,B
82,74,50,B
90,74,39,B
98,74,71,B
0,75,84,B
5,75,6,B
8,75,8,B
10,75,79,B
14,75,69,B
18,75,0,B
33,75,27,B
37,75,36,B
38,75,38,B
39,75,77,B
42,75,72,B
46,75,22,B
49,75,16,B
50,75,36,B
52,75,35,B
60,75,57,B
61,75,74,B
64,75,88,B
71,75,58,B
72,75,85,B
76,75,56,B
79,75,14,B
82,75,22,B
83,75,50,B
85,75,22,B
87,75,29,B
91,75,81,B
93,75,22,B
2,76,64,B
6,76,56,B
10,76,83,B
12,76,32,B
15,76,22,B
18,76,64,B
19,76,31,B
20,76,16,B
21,76,50,B
24,76,65,B
35,76,66,B
36,76,50,B
37,76,66,B
42,76,35,B
45,76,25,B
50,76,92,B
51,76,74,B
54,76,44,B
58,76,0,B
59,76,60,B
61,76,91,B
64,76,17,B
67,76,34,B
69,76,54,B
71,76,62,B
77,76,94,B
78,76,19,B
83,76,52,B
84,76,92,B
85,76,49,B
93,76,61,B
95,76,71,B
97,76,94,B
98,76,49,B
4,77,15,B
5,77,81,B
8,77,7,B
19,77,78,B
20,77,27,B
23,77,79,B
27,77,77,B
31,77,64,B
35,77,8,B
36,77,1,B
37,77,41,B
43,77,47,B
49,77,90,B
51,77,65,B
52,77,93,B
53,77,94,B
54,77,24,B
55,77,67,B
61,77,1,B
67,77,11,B
68,77,93,B
73,77,35,B
79,77,66,B
81,77,64,B
82,77,47,B
83,77,73,B
84,77,90,B
85,77,3,B
88,77,64,B
89,77,75,B
90,77,2,B
95,77,33,B
96,77,25,B
3,78,99,B
6,78,19,B
7,78,52,B
11,78,58,B
17,78,72,B
18,78,96,B
19,78,29,B
22,78,92,B
25,78,57,B
31,78,3,B
34,78,57,B
39,78,20,B
40,78,84,B
45,78,51,B
46,78,83,B
47,78,60,B
48,78,93,B
49,78,3,B
50,78,24,B
59,78,77,B
60,78,18,B
68,78,49,B
74,78,9,B
78,78,11,B
81,78,83,B
88,78,62,B
89,78,18,B
97,78,73,B
2,79,26,B
4,79,79,B
14,79,58,B
17,79,30,B
19,79,82,B
23,79,91,B
25,79,70,B
26,79,21,B
30,79,18,B
34,79,28,B
36,79,14,B
45,79,32,B
47,79,75,B
51,79,73,B
52,79,79,B
57,79,49,B
59,79,83,B
64,79,13,B
69,79,43,B
70,79,64,B
75,79,33,B
76,79,89,B
79,79,0,B
85,79,30,B
90,79,0,B
96,79,46,B
5,80,45,B
6,80,80,B
9,80,85,B
13,80,50,B
14,80,11,B
18,80,94,B
20,80,52,B
27,80,32,B
32,80,2,B
35,80,67,B
38,80,39,B
39,80,40,B
42,80,93,B
47,80,65,B
49,80,44,B
54,80,19,B
55,80,16,B
62,80,49,B
63,80,37,B
68,80,76,B
72,80,45,B
75,80,70,B
80,80,8,B
84,80,95,B
85,80,65,B
90,80,34,B
92,80,13,B
94,80,36,B
96,80,79,B
97,80,80,B
0,81,21,B
3,81,98,B
4,81,10,B
5,81,9,B
10,81,10,B
13,81,25,B
15,81,66,B
18,81,71,B
30,81,59,B
31,81,43,B
34,81,75,B
36,81,40,B
38,81,56,B
43,81,38,B
48,81,4,B
50,81,1,B
54,81,31,B
56,81,40,B
58,81,87,B
61,81,17,B
62,81,9,B
64,81,42,B
65,81,18,B
76,81,34,B
77,81,52,B
81,81,58,B
84,81,12,B
85,81,84,B
86,81,95,B
90,81,32,B
96,81,71,B
98,81,55,B
99,81,12,B
0,82,19,B
1,82,90,B
2,82,95,B
3,82,32,B
5,82,14,B
6,82,7,B
7,82,12,B
9,82,80,B
10,82,32,B
14,82,25,B
16,82,9,B
27,82,42,B
28,82,80,B
32,82,56,B
36,82,84,B
45,82,33,B
46,82,87,B
48,82,78,B
49,82,23,B
51,82,49,B
53,82,11,B
54,82,76,B
56,82,2,B
60,82,65,B
65,82,73,B
66,82,6,B
67,82,0,B
71,82,77,B
73,82,19,B
75,82,93,B
79,82,54,B
96,82,89,B
97,82,65,B
98,82,70,B
0,83,91,B
4,83,55,B
6,83,82,B
7,83,46,B
10,83,1,B
14,83,20,B
15,83,52,B
20,83,12,B
21,83,93,B
25,83,50,B
26,83,49,B
27,83,48,B
28,83,85,B
30,83,16,B
35,83,87,B
40,83,95,B
41,83,57,B
42,83,11,B
45,83,22,B
47,83,89,B
49,83,67,B
56,83,52,B
60,83,32,B
62,83,0,B
63,83,40,B
65,83,91,B
68,83,32,B
69,83,98,B
70,83,90,B
73,83,47,B
75,83,35,B
79,83,71,B
83,83,18,B
86,83,23,B
89,83,94,B
91,83,25,B
97,83,5,B
98,83,41,B
2,84,92,B
5,84,62,B
6,84,26,B
12,84,10,B
13,84,65,B
17,84,42,B
21,84,95,B
22,84,39,B
32,84,70,B
36,84,77,B
45,84,51,B
48,84,47,B
50,84,80,B
54,84,43,B
56,84,5,B
57,84,78,B
60,84,94,B
63,84,76,B
64,84,47,B
65,84,29,B
66,84,9,B
74,84,19,B
77,84,35,B
81,84,17,B
82,84,70,B
85,84,44,B
88,84,3,B
89,84,32,B
92,84,16,B
93,84,7,B
97,84,30,B
98,84,83,B
99,84,2,B
0,85,50,B
1,85,25,B
3,85,2,B
4,85,12,B
5,85,98,B
11,85,92,B
17,85,80,B
19,85,47,B
22,85,90,B
26,85,84,B
28,85,78,B
29,85,21,B
30,85,31,B
31,85,0,B
34,85,2,B
39,85,10,B
40,85,80,B
41,85,64,B
42,85,15,B
54,85,63,B
55,85,48,B
63,85,71,B
75,85,12,B
76,85,91,B
77,85,8,B
78,85,43,B
79,85,98,B
81,85,61,B
88,85,90,B
91,85,25,B
95,85,39,B
98,85,13,B
0,86,24,B
1,86,24,B
3,86,65,B
5,86,30,B
6,86,71,B
15,86,21,B
27,86,84,B
28,86,24,B
34,86,52,B
35,86,91,B
38,86,91,B
39,86,21,B
42,86,46,B
45,86,60,B
50,86,3,B
53,86,82,B
55,86,86,B
58,86,53,B
61,86,3,B
62,86,78,B
63,86,60,B
66,86,60,B
67,86,25,B
68,86,53,B
71,86,2,B
77,86,98,B
83,86,41,B
85,86,91,B
87,86,20,B
92,86,68,B
95,86,36,B
98,86,87,B
6,87,19,B
7,87,27,B
11,87,4,B
28,87,9,B
31,87,92,B
33,87,39,B
36,87,14,B
38,87,57,B
39,87,41,B
40,87,69,B
43,87,73,B
55,87,90,B
58,87,58,B
59,87,15,B
61,87,8,B
63,87,65,B
64,87,35,B
65,87,69,B
66,87,16,B
69,87,66,B
71,87,44,B
73,87,63,B
74,87,26,B
79,87,56,B
84,87,60,B
88,87,30,B
89,87,95,B
91,87,77,B
93,87,24,B
3,88,31,B
7,88,70,B
11,88,76,B
14,88,56,B
18,88,35,B
20,88,98,B
22,88,71,B
28,88,30,B
29,88,40,B
31,88,29,B
37,88,25,B
38,88,15,B
41,88,15,B
43,88,15,B
50,88,8,B
51,88,15,B
55,88,6,B
61,88,57,B
62,88,59,B
68,88,74,B
71,88,42,B
79,88,64,B
82,88,65,B
83,88,26,B
85,88,33,B
86,88,56,B
87,88,65,B
99,88,49,B
4,89,57,B
12,89,35,B
16,89,75,B
18,89,35,B
24,89,45,B
28,89,70,B
29,89,47,B
30,89,8,B
33,89,29,B
35,89,86,B
36,89,29,B
37,89,83,B
46,89,15,B
47,89,45,B
51,89,57,B
53,89,87,B
57,89,63,B
61,89,93,B
64,89,78,B
65,89,31,B
67,89,16,B
68,89,53,B
73,89,67,B
74,89,38,B
75,89,74,B
78,89,15,B
80,89,98,B
84,89,9,B
88,89,48,B
89,89,95,B
90,89,55,B
94,89,97,B
95,89,62,B
0,90,53,B
1,90,56,B
2,90,75,B
12,90,37,B
13,90,34,B
14,90,67,B
23,90,96,B
24,90,12,B
27,90,34,B
28,90,85,B
42,90,91,B
47,90,89,B
48,90,65,B
53,90,49,B
54,90,50,B
58,90,55,B
62,90,86,B
68,90,14,B
71,90,94,B
73,90,56,B
77,90,10,B
80,90,97,B
82,90,66,B
88,90,14,B
90,90,14,B
91,90,97,B
92,90,53,B
95,90,58,B
99,90,21,B
2,91,72,B
6,91,2,B
9,91,44,B
11,91,70,B
14,91,42,B
19,91,54,B
24,91,6,B
25,91,39,B
28,91,3,B
29,91,56,B
31,91,69,B
32,91,91,B
41,91,39,B
43,91,82,B
45,91,84,B
47,91,45,B
51,91,99,B
52,91,15,B
54,91,69,B
56,91,79,B
59,91,31,B
68,91,15,B
69,91,21,B
76,91,48,B
78,91,70,B
84,91,29,B
87,91,38,B
89,91,80,B
95,91,4,B
2,92,71,B
4,92,84,B
11,92,86,B
14,92,16,B
15,92,7,B
19,92,46,B
20,92,14,B
23,92,69,B
26,92,15,B
27,92,64,B
28,92,0,B
29,92,57,B
31,92,89,B
37,92,3,B
41,92,60,B
44,92,67,B
45,92,31,B
47,92,32,B
49,92,41,B
50,92,12,B
52,92,61,B
56,92,52,B
59,92,58,B
64,92,63,B
68,92,24,B
70,92,3,B
73,92,13,B
77,92,65,B
94,92,2,B
97,92,35,B
98,92,25,B
99,92,39,B
7,93,38,B
10,93,47,B
15,93,11,B
21,93,39,B
22,93,2,B
24,93,36,B
27,93,47,B
28,93,79,B
29,93,41,B
35,93,49,B
37,93,61,B
41,93,73,B
42,93,8,B
47,93,53,B
51,93,15,B
57,93,19,B
59,93,1,B
61,93,18,B
63,93,56,B
65,93,25,B
69,93,41,B
71,93,77,B
75,93,58,B
77,93,51,B
79,93,60,B
83,93,22,B
87,93,73,B
88,93,19,B
93,93,35,B
96,93,16,B
0,94,95,B
4,94,24,B
5,94,88,B
21,94,26,B
25,94,86,B
32,94,59,B
36,94,67,B
40,94,32,B
41,94,62,B
45,94,45,B
50,94,53,B
51,94,38,B
58,94,0,B
60,94,94,B
61,94,93,B
62,94,21,B
65,94,32,B
70,94,55,B
73,94,8,B
75,94,26,B
77,94,37,B
80,94,56,B
82,94,17,B
85,94,2,B
90,94,90,B
95,94,23,B
97,94,1,B
2,95,39,B
4,95,52,B
6,95,23,B
7,95,27,B
11,95,2,B
16,95,62,B
19,95,29,B
21,95,37,B
25,95,70,B
27,95,6,B
29,95,52,B
34,95,72,B
46,95,37,B
49,95,65,B
52,95,7,B
58,95,11,B
70,95,79,B
72,95,7,B
78,95,87,B
79,95,33,B
81,95,87,B
83,95,29,B
87,95,12,B
90,95,30,B
91,95,62,B
95,95,42,B
96,95,53,B
0,96,92,B
4,96,26,B
7,96,66,B
8,96,0,B
11,96,79,B
14,96,37,B
20,96,98,B
21,96,60,B
37,96,54,B
43,96,61,B
56,96,51,B
57,96,68,B
63,96,34,B
64,96,93,B
67,96,71,B
70,96,26,B
73,96,63,B
74,96,25,B
75,96,98,B
85,96,82,B
87,96,40,B
90,96,53,B
91,96,67,B
92,96,58,B
98,96,0,B
1,97,80,B
2,97,72,B
8,97,97,B
13,97,11,B
14,97,40,B
15,97,96,B
17,97,71,B
19,97,49,B
20,97,4,B
21,97,87,B
23,97,32,B
25,97,38,B
29,97,95,B
32,97,22,B
36,97,23,B
42,97,89,B
44,97,91,B
45,97,16,B
47,97,21,B
49,97,95,B
54,97,60,B
57,97,47,B
59,97,87,B
63,97,35,B
65,97,63,B
69,97,84,B
71,97,22,B
73,97,30,B
76,97,99,B
78,97,41,B
82,97,0,B
89,97,27,B
95,97,83,B
96,97,49,B
5,98,85,B
7,98,84,B
8,98,54,B
10,98,57,B
14,98,6,B
15,98,45,B
21,98,75,B
24,98,95,B
25,98,75,B
28,98,17,B
31,98,49,B
35,98,91,B
36,98,87,B
39,98,1,B
41,98,86,B
45,98,4,B
47,98,54,B
48,98,10,B
49,98,66,B
57,98,87,B
64,98,19,B
65,98,43,B
67,98,63,B
70,98,22,B
71,98,4,B
74,98,40,B
77,98,39,B
80,98,19,B
85,98,53,B
88,98,22,B
91,98,67,B
93,98,17,B
99,98,11,B
2,99,2,B
6,99,50,B
12,99,47,B
13,99,95,B
16,99,68,B
17,99,15,B
19,99,4,B
20,99,21,B
22,99,9,B
26,99,7,B
27,99,50,B
30,99,62,B
31,99,98,B
35,99,24,B
42,99,49,B
47,99,80,B
49,99,40,B
55,99,55,B
57,99,14,B
63,99,65,B
64,99,34,B
68,99,69,B
70,99,28,B
71,99,66,B
72,99,88,B
74,99,39,B
78,99,22,B
85,99,46,B
86,99,10,B
88,99,12,B
90,99,35,B
92,99,1,B
93,99,18,B
94,99,54,B
